# Matter power spectrum P(k) at redshift z=0
# for k=9.92463e-06 to 10.4338 h/Mpc,
# number of wavenumbers equal to 611
#    1:k (h/Mpc)              2:P (Mpc/h)^3        
       9.924626074027e-06       6.632045940141e+01 
       2.202183155806e-05       1.244256486966e+02 
       3.415682976729e-05       1.863899033595e+02 
       4.635841133872e-05       2.490106902927e+02 
       5.865578938558e-05       3.119945421971e+02 
       7.107882935159e-05       3.748684110348e+02 
       8.365828540595e-05       4.387149887147e+02 
       9.642604617703e-05       5.026253788793e+02 
       1.094153926460e-04       5.674813279945e+02 
       1.226612710479e-04       6.334543436436e+02 
       1.362005836455e-04       7.005737954243e+02 
       1.500725002303e-04       7.690550433091e+02 
       1.643187931412e-04       8.391751040209e+02 
       1.789841984432e-04       9.111252584406e+02 
       1.941168056258e-04       9.850960379227e+02 
       2.097684777115e-04       1.061322997956e+03 
       2.259953029240e-04       1.140145647746e+03 
       2.428580779616e-04       1.221828173049e+03 
       2.604228213244e-04       1.306621724086e+03 
       2.787613128988e-04       1.394861296130e+03 
       2.979516529361e-04       1.486936074691e+03 
       3.180788294499e-04       1.583180959541e+03 
       3.392352776928e-04       1.684011831344e+03 
       3.615214085336e-04       1.789870868658e+03 
       3.850460740871e-04       1.901236373976e+03 
       4.099269288185e-04       2.018592435677e+03 
       4.362906327413e-04       2.142488214055e+03 
       4.642728308178e-04       2.273472741592e+03 
       4.940178303704e-04       2.412141578905e+03 
       5.256778880542e-04       2.559111128549e+03 
       5.594120124617e-04       2.715003245877e+03 
       5.953841913521e-04       2.880451077707e+03 
       6.337609681095e-04       3.056072652631e+03 
       6.747083246160e-04       3.242463690923e+03 
       7.183878804024e-04       3.440175710414e+03 
       7.649524909469e-04       3.649691729282e+03 
       8.145414168782e-04       3.871399177576e+03 
       8.672753300052e-04       4.105595565231e+03 
       9.232515048969e-04       4.352425318786e+03 
       9.825395958369e-04       4.611887480120e+03 
       1.045178399303e-03       4.883845088893e+03 
       1.111173940401e-03       5.167969883586e+03 
       1.180499100113e-03       5.463788106163e+03 
       1.253094836598e-03       5.770677966868e+03 
       1.328872878135e-03       6.087858522666e+03 
       1.407719611545e-03       6.414501445307e+03 
       1.489500786030e-03       6.749687921801e+03 
       1.574066612516e-03       7.092443117563e+03 
       1.661256860849e-03       7.441763983644e+03 
       1.750905626710e-03       7.796654591197e+03 
       1.842845535428e-03       8.156135094715e+03 
       1.936911249982e-03       8.519254755613e+03 
       2.032942239293e-03       8.885147205170e+03 
       2.130784831506e-03       9.252942408612e+03 
       2.230293622656e-03       9.621916174353e+03 
       2.331332335883e-03       9.991307481169e+03 
       2.433774234578e-03       1.036050496323e+04 
       2.537502189546e-03       1.072892136984e+04 
       2.642408490046e-03       1.109602374272e+04 
       2.748394475021e-03       1.146135074963e+04 
       2.855370046541e-03       1.182447794261e+04 
       2.963253113931e-03       1.218504661917e+04 
       3.071969005191e-03       1.254273935916e+04 
       3.181449872325e-03       1.289726476331e+04 
       3.291634109230e-03       1.324836448143e+04 
       3.402465794522e-03       1.359580576322e+04 
       3.513894166982e-03       1.393941984903e+04 
       3.625873137786e-03       1.427904224560e+04 
       3.738360841246e-03       1.461456483237e+04 
       3.851319223985e-03       1.494584141308e+04 
       3.964713671390e-03       1.527272858095e+04 
       4.078512669390e-03       1.559523854980e+04 
       4.192687499237e-03       1.591320726499e+04 
       4.307211962732e-03       1.622658613655e+04 
       4.422062135315e-03       1.653544672914e+04 
       4.537216144454e-03       1.683957921804e+04 
       4.652653970914e-03       1.713905867602e+04 
       4.768357270629e-03       1.743383218475e+04 
       4.884309215049e-03       1.772401398581e+04 
       5.000494348054e-03       1.800945452599e+04 
       5.116898457665e-03       1.829026660614e+04 
       5.233508460970e-03       1.856634469657e+04 
       5.350312300860e-03       1.883778314068e+04 
       5.467298853272e-03       1.910454224573e+04 
       5.584457843824e-03       1.936671534240e+04 
       5.701779772820e-03       1.962426238143e+04 
       5.819255847716e-03       1.987721885288e+04 
       5.936877922262e-03       2.012564726254e+04 
       6.054638441581e-03       2.036949910510e+04 
       6.172530392576e-03       2.060892750393e+04 
       6.290547259091e-03       2.084381267567e+04 
       6.408682981325e-03       2.107432242283e+04 
       6.526931919061e-03       2.130040281894e+04 
       6.645288818315e-03       2.152213719753e+04 
       6.763748781045e-03       2.173951736947e+04 
       6.882307237628e-03       2.195267471083e+04 
       7.000959921802e-03       2.216150420826e+04 
       7.119702847849e-03       2.236615172907e+04 
       7.238532289785e-03       2.256562440595e+04 
       7.357444762360e-03       2.276201351880e+04 
       7.476437003699e-03       2.295420319367e+04 
       7.595505959424e-03       2.314245216195e+04 
       7.714648768115e-03       2.332669011140e+04 
       7.833862747983e-03       2.350701922751e+04 
       7.953145384644e-03       2.368341557679e+04 
       8.072494319896e-03       2.385590066176e+04 
       8.191907341400e-03       2.402453999826e+04 
       8.311382373189e-03       2.418942728146e+04 
       8.430917466931e-03       2.435057269444e+04 
       8.550510793873e-03       2.450797171210e+04 
       8.670160637419e-03       2.466170495350e+04 
       8.789865386272e-03       2.481175207790e+04 
       8.909623528103e-03       2.495829087853e+04 
       9.029433643701e-03       2.510119234626e+04 
       9.149294401555e-03       2.524058022923e+04 
       9.269204552847e-03       2.537650849694e+04 
       9.389162926806e-03       2.550897945422e+04 
       9.509168426404e-03       2.563801797693e+04 
       9.629220024371e-03       2.576371970943e+04 
       9.749316759484e-03       2.588613219805e+04 
       9.869457733137e-03       2.600524374427e+04 
       9.989642106139e-03       2.612119987169e+04 
       1.010986909575e-02       2.623391577499e+04 
       1.023013797292e-02       2.634342373820e+04 
       1.035044805971e-02       2.644975223300e+04 
       1.047079872694e-02       2.655296995737e+04 
       1.059118939192e-02       2.665307984669e+04 
       1.071161951640e-02       2.675012837027e+04 
       1.083208860465e-02       2.684426705289e+04 
       1.095259620165e-02       2.693587956079e+04 
       1.107314189143e-02       2.702409251694e+04 
       1.119372529550e-02       2.710942817769e+04 
       1.131434607143e-02       2.719184635742e+04 
       1.143500391143e-02       2.727144320108e+04 
       1.155569854118e-02       2.734824160512e+04 
       1.167642971859e-02       2.742228516808e+04 
       1.179719723275e-02       2.749355035254e+04 
       1.191800090288e-02       2.756212366637e+04 
       1.203884057743e-02       2.762809913888e+04 
       1.215971613317e-02       2.769149300315e+04 
       1.228062747439e-02       2.775223555347e+04 
       1.240157453214e-02       2.781044222093e+04 
       1.252255726354e-02       2.786340134306e+04 
       1.264357565114e-02       2.791637512368e+04 
       1.276462970227e-02       2.796689114090e+04 
       1.288571944859e-02       2.801494015977e+04 
       1.300684494548e-02       2.806055424831e+04 
       1.312800627164e-02       2.810375687361e+04 
       1.324920352863e-02       2.814456902501e+04 
       1.337043684051e-02       2.818311669820e+04 
       1.349170635348e-02       2.822162794342e+04 
       1.361301223553e-02       2.825484969433e+04 
       1.373435467621e-02       2.828678852874e+04 
       1.385573388632e-02       2.831629995022e+04 
       1.397715009773e-02       2.834307473914e+04 
       1.409860356315e-02       2.836780376039e+04 
       1.422009455596e-02       2.839163797912e+04 
       1.434162337010e-02       2.841227771572e+04 
       1.446319031991e-02       2.843236385650e+04 
       1.458479574004e-02       2.844938695979e+04 
       1.470643998541e-02       2.846100474593e+04 
       1.482812343110e-02       2.847311267844e+04 
       1.494984647239e-02       2.848373295705e+04 
       1.507160952471e-02       2.849234651210e+04 
       1.519341302363e-02       2.849895456149e+04 
       1.531525742495e-02       2.850618124338e+04 
       1.543714320472e-02       2.850711120303e+04 
       1.555907085930e-02       2.851162566919e+04 
       1.568104090545e-02       2.851101314141e+04 
       1.580305388048e-02       2.850858795111e+04 
       1.592511034230e-02       2.850440649118e+04 
       1.604721086962e-02       2.849853736658e+04 
       1.616935606209e-02       2.849150459754e+04 
       1.629154654045e-02       2.848211583508e+04 
       1.641378294678e-02       2.847107152691e+04 
       1.653606594465e-02       2.845845639926e+04 
       1.665839621938e-02       2.844421096664e+04 
       1.678077447826e-02       2.842828814313e+04 
       1.690320145081e-02       2.841085093526e+04 
       1.702567788910e-02       2.839188373370e+04 
       1.714820456795e-02       2.837126203489e+04 
       1.727078228532e-02       2.834929485218e+04 
       1.739341186260e-02       2.832575040462e+04 
       1.751609414494e-02       2.830016162412e+04 
       1.763883000162e-02       2.827358525845e+04 
       1.776162032641e-02       2.824560633903e+04 
       1.788446603798e-02       2.821612831361e+04 
       1.800736808028e-02       2.818522864774e+04 
       1.813032742297e-02       2.815189468978e+04 
       1.825334506188e-02       2.811866793992e+04 
       1.837642201945e-02       2.808401424425e+04 
       1.849955934520e-02       2.804803256763e+04 
       1.862275811623e-02       2.801078171736e+04 
       1.874601943773e-02       2.797228788897e+04 
       1.886934444353e-02       2.793432497644e+04 
       1.899273429662e-02       2.789348661067e+04 
       1.911619018972e-02       2.785140221316e+04 
       1.923971334590e-02       2.780759201795e+04 
       1.936330501916e-02       2.776393843457e+04 
       1.948696649505e-02       2.771879272079e+04 
       1.961069909138e-02       2.767238131554e+04 
       1.973450415880e-02       2.762214284597e+04 
       1.985838308158e-02       2.757333789529e+04 
       1.998233727827e-02       2.752521439287e+04 
       2.010636820247e-02       2.747441516648e+04 
       2.023047734359e-02       2.742352343469e+04 
       2.035466622762e-02       2.737049816437e+04 
       2.047893641798e-02       2.731617761622e+04 
       2.060328951630e-02       2.726057307766e+04 
       2.072772716338e-02       2.720458775381e+04 
       2.085225103997e-02       2.714914149230e+04 
       2.097686286779e-02       2.708999396441e+04 
       2.110156441042e-02       2.703154699420e+04 
       2.122635747433e-02       2.697240933586e+04 
       2.135124390983e-02       2.691297407401e+04 
       2.147622561218e-02       2.685089327711e+04 
       2.160130452263e-02       2.678959705688e+04 
       2.172648262953e-02       2.672699161648e+04 
       2.185176196950e-02       2.666361793234e+04 
       2.197714462858e-02       2.659945389703e+04 
       2.210263274349e-02       2.653624497757e+04 
       2.222822850286e-02       2.647031620747e+04 
       2.235393414853e-02       2.640368603444e+04 
       2.247975197691e-02       2.633642586385e+04 
       2.260568434035e-02       2.626856672867e+04 
       2.273173364857e-02       2.620007504649e+04 
       2.285790237014e-02       2.613093978493e+04 
       2.298419303399e-02       2.606120585991e+04 
       2.311060823100e-02       2.599090704069e+04 
       2.323715061560e-02       2.591996478740e+04 
       2.336382290748e-02       2.584848244179e+04 
       2.349062789329e-02       2.577643192118e+04 
       2.361756842844e-02       2.570402509811e+04 
       2.374464743896e-02       2.563104107382e+04 
       2.387186792338e-02       2.555672322430e+04 
       2.399923295475e-02       2.548252788191e+04 
       2.412674568264e-02       2.540780909782e+04 
       2.425440933528e-02       2.533260773585e+04 
       2.438222722172e-02       2.525690488131e+04 
       2.451020273410e-02       2.518073340501e+04 
       2.463833935000e-02       2.510408058987e+04 
       2.476664063482e-02       2.502702966758e+04 
       2.489511024432e-02       2.494953937416e+04 
       2.502375192719e-02       2.487164633132e+04 
       2.515256952773e-02       2.479235510813e+04 
       2.528156698863e-02       2.471359733753e+04 
       2.541074835387e-02       2.463490083029e+04 
       2.554011777166e-02       2.455491065114e+04 
       2.566967949755e-02       2.447535630056e+04 
       2.579943789766e-02       2.439397907948e+04 
       2.592939745193e-02       2.431356404509e+04 
       2.605956275765e-02       2.423276660480e+04 
       2.618993853295e-02       2.415298892607e+04 
       2.632052962058e-02       2.407163547282e+04 
       2.645134099170e-02       2.398957917933e+04 
       2.658237774991e-02       2.390762594045e+04 
       2.671364513538e-02       2.382532805013e+04 
       2.684514852919e-02       2.374355724495e+04 
       2.697689345775e-02       2.366111125055e+04 
       2.710888559750e-02       2.357774600214e+04 
       2.724113077977e-02       2.349477899544e+04 
       2.737363499573e-02       2.341076848383e+04 
       2.750640440172e-02       2.332719392024e+04 
       2.763944532463e-02       2.324340088165e+04 
       2.777276426760e-02       2.315987536080e+04 
       2.790636791595e-02       2.307496441691e+04 
       2.804026314326e-02       2.299055427581e+04 
       2.817445701785e-02       2.290715729739e+04 
       2.830895680946e-02       2.282162438025e+04 
       2.844376999617e-02       2.273760871785e+04 
       2.857890427168e-02       2.265181595364e+04 
       2.871436755295e-02       2.256720475205e+04 
       2.885016798805e-02       2.248225435913e+04 
       2.898631396444e-02       2.239712647186e+04 
       2.912281411764e-02       2.231186494893e+04 
       2.925967734022e-02       2.222645759226e+04 
       2.939691279124e-02       2.214097237220e+04 
       2.953452990612e-02       2.205538038542e+04 
       2.967253840699e-02       2.196966506622e+04 
       2.981094831343e-02       2.188399505834e+04 
       2.994976995385e-02       2.179881573033e+04 
       3.008901397730e-02       2.171197756775e+04 
       3.022869136594e-02       2.162587528631e+04 
       3.036881344800e-02       2.154047664277e+04 
       3.050939191149e-02       2.145435503978e+04 
       3.065043881853e-02       2.136824843438e+04 
       3.079196662039e-02       2.128212889113e+04 
       3.093398817333e-02       2.119600428050e+04 
       3.107651675518e-02       2.110988299828e+04 
       3.121956608288e-02       2.102325650999e+04 
       3.136315033079e-02       2.093716455520e+04 
       3.150728415008e-02       2.085146384936e+04 
       3.165198268912e-02       2.076531194827e+04 
       3.179726161492e-02       2.067914741593e+04 
       3.194313713580e-02       2.059293211105e+04 
       3.208962602521e-02       2.050683268479e+04 
       3.223674564702e-02       2.042074850957e+04 
       3.238451398205e-02       2.033467976196e+04 
       3.253294965621e-02       2.024862642114e+04 
       3.268207197027e-02       2.016259446991e+04 
       3.283190093128e-02       2.007623278914e+04 
       3.298245728584e-02       1.999026601805e+04 
       3.313376255545e-02       1.990424236742e+04 
       3.328583907382e-02       1.981820846368e+04 
       3.343871002655e-02       1.973213548852e+04 
       3.359239949323e-02       1.964605387855e+04 
       3.374693249215e-02       1.956056411977e+04 
       3.390233502780e-02       1.947481814146e+04 
       3.405863414143e-02       1.938906893468e+04 
       3.421585796485e-02       1.930340524007e+04 
       3.437403577776e-02       1.921778832256e+04 
       3.453319806884e-02       1.913200900703e+04 
       3.469337660100e-02       1.904681654759e+04 
       3.485460448096e-02       1.896118797235e+04 
       3.501691623371e-02       1.887620245662e+04 
       3.518034788212e-02       1.879082709264e+04 
       3.534493703216e-02       1.870505394297e+04 
       3.551072296424e-02       1.861959796674e+04 
       3.567774673121e-02       1.853365130305e+04 
       3.584605126354e-02       1.844834317572e+04 
       3.601568148235e-02       1.836305574487e+04 
       3.618668442107e-02       1.827778099809e+04 
       3.635910935638e-02       1.819334182224e+04 
       3.653300794941e-02       1.810807136083e+04 
       3.670843439816e-02       1.802235681541e+04 
       3.688544560209e-02       1.793752670279e+04 
       3.706410134024e-02       1.785254491100e+04 
       3.724446446410e-02       1.776754031290e+04 
       3.742660110671e-02       1.768246215839e+04 
       3.761058090978e-02       1.759776174196e+04 
       3.779647727040e-02       1.751272405536e+04 
       3.798436760982e-02       1.742765320925e+04 
       3.817433366624e-02       1.734254628131e+04 
       3.836646181452e-02       1.725736278305e+04 
       3.856084341565e-02       1.717275462914e+04 
       3.875757519939e-02       1.708684264153e+04 
       3.895675968383e-02       1.700153080058e+04 
       3.915850563620e-02       1.691682330239e+04 
       3.936292857990e-02       1.683141369236e+04 
       3.957015135318e-02       1.674595136176e+04 
       3.978030472605e-02       1.666043087370e+04 
       3.999352808255e-02       1.657437407996e+04 
       4.020997017687e-02       1.648864960187e+04 
       4.042978997294e-02       1.640286980229e+04 
       4.065315757862e-02       1.631719530581e+04 
       4.088025528731e-02       1.623105690472e+04 
       4.111127874209e-02       1.614473498617e+04 
       4.134643823947e-02       1.605824149328e+04 
       4.158596019330e-02       1.597152973669e+04 
       4.183008878234e-02       1.588459030810e+04 
       4.207908780946e-02       1.579692616431e+04 
       4.233324280511e-02       1.570956576682e+04 
       4.259286341393e-02       1.562164656201e+04 
       4.285828611033e-02       1.553310756744e+04 
       4.312987729765e-02       1.544464759736e+04 
       4.340803685631e-02       1.535575928050e+04 
       4.369320221910e-02       1.526588548386e+04 
       4.398585306777e-02       1.517604600542e+04 
       4.428651676495e-02       1.508627810101e+04 
       4.459577465933e-02       1.499573068189e+04 
       4.491426943265e-02       1.490427530738e+04 
       4.524271369451e-02       1.481213903659e+04 
       4.558190007832e-02       1.471911613750e+04 
       4.593271315116e-02       1.462556226217e+04 
       4.629614352536e-02       1.453121465144e+04 
       4.667330465478e-02       1.443481006781e+04 
       4.706545291934e-02       1.433879414549e+04 
       4.747401175582e-02       1.424104810552e+04 
       4.790060078837e-02       1.414121573828e+04 
       4.834707116300e-02       1.404061907196e+04 
       4.881554860702e-02       1.393931715611e+04 
       4.930848613538e-02       1.383479491875e+04 
       4.982872882417e-02       1.372901245255e+04 
       5.037959367803e-02       1.361969748411e+04 
       5.096496832638e-02       1.350849321731e+04 
       5.158943304555e-02       1.339401976684e+04 
       5.225841128543e-02       1.327576205211e+04 
       5.297835416244e-02       1.315305843638e+04 
       5.375696358395e-02       1.302542353156e+04 
       5.460345542139e-02       1.289106769000e+04 
       5.552885582429e-02       1.274849129254e+04 
       5.654630564083e-02       1.259595293508e+04 
       5.767131224698e-02       1.243059639534e+04 
       5.892182434516e-02       1.224911749985e+04 
       6.031790523828e-02       1.204668603222e+04 
       6.188065650512e-02       1.181724758533e+04 
       6.362997426773e-02       1.155297108680e+04 
       6.558090177730e-02       1.124477424217e+04 
       6.773904809249e-02       1.088757639211e+04 
       7.009674754141e-02       1.047460376751e+04 
       7.263240473307e-02       1.000787098984e+04 
       7.531432750995e-02       9.496162160125e+03 
       7.810748423338e-02       8.955931864767e+03 
       8.097978945999e-02       8.408174882566e+03 
       8.390556695488e-02       7.874121496125e+03 
       8.686614366393e-02       7.372031773235e+03 
       8.984879891485e-02       6.917770568458e+03 
       9.284523258272e-02       6.518965667382e+03 
       9.585017646511e-02       6.179198027107e+03 
       9.886034422123e-02       5.897389125694e+03 
       1.018737076311e-01       5.667807172414e+03 
       1.048890230605e-01       5.481274878156e+03 
       1.079055308954e-01       5.328579734563e+03 
       1.109227681720e-01       5.197200719132e+03 
       1.139404530260e-01       5.077244385568e+03 
       1.169584138941e-01       4.958445756125e+03 
       1.199765463048e-01       4.832713628399e+03 
       1.229947865679e-01       4.694577642877e+03 
       1.260130957776e-01       4.541642690054e+03 
       1.290314500921e-01       4.374280167022e+03 
       1.320498348311e-01       4.195732034971e+03 
       1.350682408905e-01       4.010086959601e+03 
       1.380866625661e-01       3.822960552805e+03 
       1.411050962311e-01       3.640078108123e+03 
       1.441235395321e-01       3.466459372252e+03 
       1.471419909003e-01       3.306652019767e+03 
       1.501604492541e-01       3.163072124135e+03 
       1.531789138170e-01       3.038144245267e+03 
       1.561973840070e-01       2.930902122529e+03 
       1.592158593678e-01       2.840473031776e+03 
       1.622343395271e-01       2.764719693864e+03 
       1.652528241705e-01       2.700527079440e+03 
       1.682713130243e-01       2.644637867097e+03 
       1.712898058459e-01       2.593558194065e+03 
       1.743083024163e-01       2.544759233504e+03 
       1.773268025357e-01       2.495017920467e+03 
       1.803453060202e-01       2.441763653620e+03 
       1.833638127000e-01       2.383884753072e+03 
       1.863823224169e-01       2.320740843371e+03 
       1.894008350236e-01       2.252754387854e+03 
       1.924193503827e-01       2.181622754279e+03 
       1.954378683652e-01       2.108324311191e+03 
       1.984563888503e-01       2.035200114018e+03 
       2.014749117246e-01       1.963923842676e+03 
       2.044934368814e-01       1.896015489921e+03 
       2.075119642204e-01       1.832498171278e+03 
       2.105304936469e-01       1.774394764803e+03 
       2.135490250719e-01       1.721900845852e+03 
       2.165675584112e-01       1.675243676578e+03 
       2.195860935853e-01       1.633958724337e+03 
       2.226046305190e-01       1.597529028607e+03 
       2.256231691413e-01       1.565178240216e+03 
       2.286417093849e-01       1.535692379947e+03 
       2.316602511859e-01       1.508013281628e+03 
       2.346787944839e-01       1.481117156996e+03 
       2.376973392214e-01       1.454115429000e+03 
       2.407158853441e-01       1.426191961640e+03 
       2.437344328000e-01       1.397281075653e+03 
       2.467529815401e-01       1.367147920499e+03 
       2.497715315174e-01       1.335609712125e+03 
       2.527900826873e-01       1.303223920530e+03 
       2.558086350075e-01       1.270258469781e+03 
       2.588271884374e-01       1.237110387685e+03 
       2.618457429384e-01       1.204558286842e+03 
       2.648642984737e-01       1.173028547795e+03 
       2.678828550082e-01       1.143032631608e+03 
       2.709014125082e-01       1.114828564060e+03 
       2.739199709417e-01       1.088830823704e+03 
       2.769385302779e-01       1.064814141569e+03 
       2.799570904876e-01       1.042738801198e+03 
       2.829756515425e-01       1.022379877443e+03 
       2.859942134159e-01       1.003392103347e+03 
       2.890127760819e-01       9.856823524351e+02 
       2.920313395158e-01       9.687477697065e+02 
       2.950499036940e-01       9.523104296153e+02 
       2.980684685937e-01       9.361295138578e+02 
       3.010870341931e-01       9.199455482166e+02 
       3.041056004712e-01       9.034980005080e+02 
       3.071241674080e-01       8.868432115207e+02 
       3.101427349842e-01       8.699201629484e+02 
       3.131613031811e-01       8.528229442939e+02 
       3.161798719809e-01       8.355947790327e+02 
       3.191984413663e-01       8.185667332455e+02 
       3.222170113210e-01       8.017157019847e+02 
       3.252355818289e-01       7.853035815074e+02 
       3.282541528747e-01       7.694231663609e+02 
       3.312727244437e-01       7.541435952658e+02 
       3.342912965215e-01       7.396115162986e+02 
       3.373098690946e-01       7.257961356060e+02 
       3.403284421496e-01       7.127303940391e+02 
       3.433470156738e-01       7.003831455001e+02 
       3.463655896548e-01       6.886370589904e+02 
       3.493841640809e-01       6.774241715311e+02 
       3.524027389404e-01       6.665770333367e+02 
       3.554213142223e-01       6.560123910937e+02 
       3.584398899159e-01       6.456669674087e+02 
       3.614584660108e-01       6.354425478912e+02 
       3.644770424970e-01       6.252745962533e+02 
       3.674956193649e-01       6.151912409962e+02 
       3.705141966050e-01       6.051360758372e+02 
       3.735327742083e-01       5.951124418760e+02 
       3.765513521661e-01       5.851440090296e+02 
       3.795699304698e-01       5.752943535961e+02 
       3.825885091112e-01       5.655357031211e+02 
       3.856070880824e-01       5.560186926617e+02 
       3.886256673756e-01       5.466658439221e+02 
       3.916442469835e-01       5.376244078080e+02 
       3.946628268986e-01       5.288522578711e+02 
       3.976814071140e-01       5.203669402421e+02 
       4.006999876230e-01       5.121598857942e+02 
       4.037185684188e-01       5.042245232307e+02 
       4.067371494951e-01       4.965468225674e+02 
       4.097557308456e-01       4.891129961776e+02 
       4.127743124644e-01       4.819036724631e+02 
       4.157928943455e-01       4.748802011046e+02 
       4.188114764832e-01       4.680674089735e+02 
       4.218300588721e-01       4.613376009501e+02 
       4.248486415067e-01       4.547316405831e+02 
       4.278672243819e-01       4.482089233107e+02 
       4.308858074925e-01       4.417916896411e+02 
       4.339043908337e-01       4.354136833258e+02 
       4.369229744006e-01       4.290826255803e+02 
       4.399415581886e-01       4.228681863042e+02 
       4.429601421931e-01       4.167326371043e+02 
       4.459787264097e-01       4.107116744031e+02 
       4.489973108342e-01       4.047716197209e+02 
       4.520158954624e-01       3.989165028954e+02 
       4.550344802901e-01       3.932096663495e+02 
       4.580530653135e-01       3.876393261853e+02 
       4.610716505286e-01       3.822551724567e+02 
       4.640902359318e-01       3.769753042794e+02 
       4.671088215193e-01       3.718383759031e+02 
       4.701274072876e-01       3.668328362074e+02 
       4.731459932333e-01       3.619072172975e+02 
       4.761645793529e-01       3.571254758575e+02 
       4.791831656432e-01       3.524383590104e+02 
       4.822017521009e-01       3.478600726683e+02 
       4.852203387229e-01       3.433407049868e+02 
       4.882389255061e-01       3.388958081798e+02 
       4.912575124476e-01       3.345172411105e+02 
       4.942760995445e-01       3.301838289940e+02 
       4.972946867939e-01       3.259199603713e+02 
       5.003132741930e-01       3.217255029448e+02 
       5.033318617392e-01       3.175753974485e+02 
       5.063504494298e-01       3.134904092411e+02 
       5.093690372622e-01       3.094773753167e+02 
       5.123876252340e-01       3.055387559131e+02 
       5.154062133426e-01       3.016568357604e+02 
       5.184248015857e-01       2.978667549255e+02 
       5.214433899609e-01       2.941472956119e+02 
       5.244619784659e-01       2.904975080026e+02 
       5.274805670985e-01       2.869173063332e+02 
       5.304991558566e-01       2.834076940363e+02 
       5.335177447379e-01       2.799684387938e+02 
       5.365363337405e-01       2.765961130445e+02 
       5.565721712033e-01       2.556054401214e+02 
       5.776685085043e-01       2.356732660425e+02 
       5.999221120656e-01       2.169678735190e+02 
       6.234388374975e-01       1.994463250986e+02 
       6.483326451108e-01       1.829045401867e+02 
       6.747235759592e-01       1.674322402340e+02 
       7.027344869791e-01       1.529390867307e+02 
       7.324865533277e-01       1.393949736244e+02 
       7.640939250175e-01       1.267713357714e+02 
       7.976584178895e-01       1.150480092616e+02 
       8.332655319680e-01       1.042058747879e+02 
       8.709831256065e-01       9.420726375457e+01 
       9.108635143189e-01       8.503934032769e+01 
       9.529487183612e-01       7.666281038712e+01 
       9.972775396574e-01       6.902863518252e+01 
       1.043892665822e+00       6.209546688755e+01 
       1.092846282687e+00       5.581886796661e+01 
       1.144203457184e+00       5.014433117485e+01 
       1.198043358197e+00       4.502047214438e+01 
       1.254458887417e+00       4.040199452747e+01 
       1.313555434963e+00       3.624135255620e+01 
       1.375449368635e+00       3.249352275900e+01 
       1.440266658458e+00       2.912359510361e+01 
       1.508141834497e+00       2.609371760491e+01 
       1.579217325133e+00       2.336854123121e+01 
       1.653643134784e+00       2.092159375366e+01 
       1.731576783872e+00       1.872482146274e+01 
       1.813183431644e+00       1.675164714220e+01 
       1.898636117488e+00       1.498176598110e+01 
       1.988116076023e+00       1.339650716237e+01 
       2.081813098673e+00       1.197335888169e+01 
       2.179925926977e+00       1.069762677201e+01 
       2.282662670692e+00       9.555564522295e+00 
       2.390241248034e+00       8.532919351800e+00 
       2.502889847542e+00       7.616505992358e+00 
       2.620847411987e+00       6.797336583822e+00 
       2.744364145177e+00       6.064642767538e+00 
       2.873702042662e+00       5.408631389356e+00 
       3.009135447464e+00       4.822655139354e+00 
       3.150951631991e+00       4.299251298112e+00 
       3.299451407385e+00       3.831201617603e+00 
       3.454949761580e+00       3.413378214857e+00 
       3.617776527432e+00       3.040536756945e+00 
       3.788277082343e+00       2.707564208395e+00 
       3.966813080848e+00       2.410390573317e+00 
       4.153763221738e+00       2.145539650884e+00 
       4.349524051325e+00       1.909325817281e+00 
       4.554510804577e+00       1.698363042144e+00 
       4.769158285879e+00       1.510690540270e+00 
       4.993921791317e+00       1.343486291444e+00 
       5.229278074421e+00       1.194306216545e+00 
       5.475726357423e+00       1.061665759387e+00 
       5.733789390173e+00       9.435538913181e-01 
       6.004014558961e+00       8.382767694687e-01 
       6.286975047602e+00       7.446445860984e-01 
       6.583271053227e+00       6.614290750398e-01 
       6.893531059391e+00       5.873273006549e-01 
       7.218413169164e+00       5.213783636817e-01 
       7.558606501058e+00       4.628486575675e-01 
       7.914832650741e+00       4.108030939435e-01 
       8.287847221637e+00       3.644461567334e-01 
       8.678441427660e+00       3.233512092334e-01 
       9.087443771491e+00       2.868559899058e-01 
       9.515721801935e+00       2.543452279798e-01 
       9.964183954117e+00       2.255369907569e-01 
       1.043378147639e+01       1.999849059539e-01 
