# dimensionless total [l(l+1)/2pi] C_l's
# for l=2 to 3000, i.e. number of multipoles equal to 2999
#
# -> if you prefer output in CAMB/HealPix/LensPix units/order, set 'format' to 'camb' in input file
# -> if you don't want to see such a header, set 'headers' to 'no' in input file
#
# 1:l     2:TT                 
    2       1.476658471374e-10 
    3       1.379682229627e-10 
    4       1.293592934040e-10 
    5       1.229899624416e-10 
    6       1.186088629981e-10 
    7       1.157438703213e-10 
    8       1.139460482213e-10 
    9       1.129645091703e-10 
   10       1.126217907216e-10 
   11       1.127050095720e-10 
   12       1.131622947303e-10 
   13       1.139064199221e-10 
   14       1.148102193790e-10 
   15       1.159567432889e-10 
   16       1.172397368249e-10 
   17       1.186535741857e-10 
   18       1.201727270429e-10 
   19       1.217938574354e-10 
   20       1.234729634509e-10 
   21       1.252256807035e-10 
   22       1.270537852308e-10 
   23       1.289517032149e-10 
   24       1.308924956354e-10 
   25       1.328889522538e-10 
   26       1.349471788613e-10 
   27       1.370513323741e-10 
   28       1.391712909906e-10 
   29       1.413172426726e-10 
   30       1.435019327954e-10 
   31       1.457274518647e-10 
   32       1.479960901820e-10 
   33       1.503007805550e-10 
   34       1.526274558636e-10 
   35       1.549783939847e-10 
   36       1.573552793162e-10 
   37       1.597554823865e-10 
   38       1.621833539387e-10 
   39       1.646415117804e-10 
   40       1.671270751705e-10 
   41       1.696345175718e-10 
   42       1.721667365994e-10 
   43       1.747266111242e-10 
   44       1.773135413992e-10 
   45       1.799250845699e-10 
   46       1.825632565266e-10 
   47       1.852295277326e-10 
   48       1.879227819311e-10 
   49       1.906390855003e-10 
   50       1.933738969071e-10 
   51       1.961299371874e-10 
   52       1.989110571354e-10 
   53       2.017198708548e-10 
   54       2.045576399430e-10 
   55       2.074248101535e-10 
   56       2.103230428310e-10 
   57       2.132534852668e-10 
   58       2.162160740059e-10 
   59       2.192094444516e-10 
   60       2.222308404705e-10 
   61       2.252773854029e-10 
   62       2.283504329741e-10 
   63       2.314520370289e-10 
   64       2.345836300387e-10 
   65       2.377459759035e-10 
   66       2.409391227521e-10 
   67       2.441623557442e-10 
   68       2.474148295996e-10 
   69       2.506977205227e-10 
   70       2.540124275280e-10 
   71       2.573599020117e-10 
   72       2.607406179370e-10 
   73       2.641545420198e-10 
   74       2.676011039137e-10 
   75       2.710791663961e-10 
   76       2.745876036769e-10 
   77       2.781272239816e-10 
   78       2.816991450224e-10 
   79       2.853041999131e-10 
   80       2.889429198248e-10 
   81       2.926155166413e-10 
   82       2.963218656147e-10 
   83       3.000614880211e-10 
   84       3.038338359205e-10 
   85       3.076392386715e-10 
   86       3.114780822581e-10 
   87       3.153505090502e-10 
   88       3.192564055363e-10 
   89       3.231953900566e-10 
   90       3.271668005358e-10 
   91       3.311696822159e-10 
   92       3.352027753898e-10 
   93       3.392648851823e-10 
   94       3.433560811594e-10 
   95       3.474766562992e-10 
   96       3.516267540910e-10 
   97       3.558063615119e-10 
   98       3.600153020045e-10 
   99       3.642532284539e-10 
  100       3.685196161649e-10 
  101       3.728137558398e-10 
  102       3.771347465549e-10 
  103       3.814814887383e-10 
  104       3.858529055811e-10 
  105       3.902486564597e-10 
  106       3.946685072428e-10 
  107       3.991121060053e-10 
  108       4.035789785155e-10 
  109       4.080685237231e-10 
  110       4.125800092464e-10 
  111       4.171125668598e-10 
  112       4.216651879817e-10 
  113       4.262367191615e-10 
  114       4.308258575677e-10 
  115       4.354311464748e-10 
  116       4.400511742651e-10 
  117       4.446852085281e-10 
  118       4.493326309406e-10 
  119       4.539927379675e-10 
  120       4.586647381488e-10 
  121       4.633477493868e-10 
  122       4.680407962327e-10 
  123       4.727428071734e-10 
  124       4.774526119192e-10 
  125       4.821689386899e-10 
  126       4.868904115020e-10 
  127       4.916155474561e-10 
  128       4.963427540231e-10 
  129       5.010704867402e-10 
  130       5.057977476194e-10 
  131       5.105236365420e-10 
  132       5.152471942018e-10 
  133       5.199674005395e-10 
  134       5.246831731779e-10 
  135       5.293933658562e-10 
  136       5.340967668649e-10 
  137       5.387920974808e-10 
  138       5.434780104015e-10 
  139       5.481530881804e-10 
  140       5.528158416611e-10 
  141       5.574647084125e-10 
  142       5.620980511636e-10 
  143       5.667141562379e-10 
  144       5.713113663112e-10 
  145       5.758884967389e-10 
  146       5.804444574885e-10 
  147       5.849781217162e-10 
  148       5.894883249738e-10 
  149       5.939738644154e-10 
  150       5.984334980039e-10 
  151       6.028659437180e-10 
  152       6.072698787589e-10 
  153       6.116439387568e-10 
  154       6.159867169781e-10 
  155       6.202967635316e-10 
  156       6.245725845755e-10 
  157       6.288126415242e-10 
  158       6.330153502550e-10 
  159       6.371790803148e-10 
  160       6.413021541267e-10 
  161       6.453829625702e-10 
  162       6.494203248728e-10 
  163       6.534131591767e-10 
  164       6.573603687721e-10 
  165       6.612608418394e-10 
  166       6.651134511911e-10 
  167       6.689170540143e-10 
  168       6.726704916128e-10 
  169       6.763725891490e-10 
  170       6.800221553863e-10 
  171       6.836179824311e-10 
  172       6.871588454753e-10 
  173       6.906435025379e-10 
  174       6.940706942074e-10 
  175       6.974391433843e-10 
  176       7.007475550227e-10 
  177       7.039946158727e-10 
  178       7.071789942227e-10 
  179       7.102993396414e-10 
  180       7.133543703955e-10 
  181       7.163431440132e-10 
  182       7.192648077821e-10 
  183       7.221185130712e-10 
  184       7.249034153958e-10 
  185       7.276186744826e-10 
  186       7.302634543348e-10 
  187       7.328369232972e-10 
  188       7.353382541211e-10 
  189       7.377666240298e-10 
  190       7.401212147833e-10 
  191       7.424012127435e-10 
  192       7.446058089393e-10 
  193       7.467341991319e-10 
  194       7.487855838793e-10 
  195       7.507591686021e-10 
  196       7.526541636481e-10 
  197       7.544697843575e-10 
  198       7.562052511280e-10 
  199       7.578597894800e-10 
  200       7.594326301216e-10 
  201       7.609230665867e-10 
  202       7.623306326022e-10 
  203       7.636549375309e-10 
  204       7.648956101704e-10 
  205       7.660522989887e-10 
  206       7.671246723595e-10 
  207       7.681124187969e-10 
  208       7.690152471914e-10 
  209       7.698328870444e-10 
  210       7.705650887042e-10 
  211       7.712116236005e-10 
  212       7.717722844802e-10 
  213       7.722468856424e-10 
  214       7.726352631736e-10 
  215       7.729372751831e-10 
  216       7.731528020381e-10 
  217       7.732817465992e-10 
  218       7.733240344551e-10 
  219       7.732796141586e-10 
  220       7.731484574611e-10 
  221       7.729305595485e-10 
  222       7.726259392758e-10 
  223       7.722346394030e-10 
  224       7.717567427386e-10 
  225       7.711924212378e-10 
  226       7.705418905173e-10 
  227       7.698053945012e-10 
  228       7.689832056946e-10 
  229       7.680756254566e-10 
  230       7.670829842731e-10 
  231       7.660056420305e-10 
  232       7.648439882883e-10 
  233       7.635984425526e-10 
  234       7.622694545489e-10 
  235       7.608575044956e-10 
  236       7.593631033767e-10 
  237       7.577867932151e-10 
  238       7.561291473460e-10 
  239       7.543907706895e-10 
  240       7.525723000242e-10 
  241       7.506744042598e-10 
  242       7.486977847110e-10 
  243       7.466431753697e-10 
  244       7.445113431788e-10 
  245       7.423030883051e-10 
  246       7.400192444125e-10 
  247       7.376606789347e-10 
  248       7.352282933491e-10 
  249       7.327230234491e-10 
  250       7.301458052749e-10 
  251       7.274974701594e-10 
  252       7.247788441542e-10 
  253       7.219907820341e-10 
  254       7.191341675044e-10 
  255       7.162099134083e-10 
  256       7.132189619345e-10 
  257       7.101622848246e-10 
  258       7.070408835802e-10 
  259       7.038557896711e-10 
  260       7.006080647420e-10 
  261       6.972988008202e-10 
  262       6.939291205232e-10 
  263       6.905001772662e-10 
  264       6.870131554690e-10 
  265       6.834692707641e-10 
  266       6.798697702037e-10 
  267       6.762159324676e-10 
  268       6.725090680700e-10 
  269       6.687505195675e-10 
  270       6.649416617663e-10 
  271       6.610839019298e-10 
  272       6.571786799859e-10 
  273       6.532274687343e-10 
  274       6.492317740544e-10 
  275       6.451931351124e-10 
  276       6.411131245688e-10 
  277       6.369933487858e-10 
  278       6.328354480349e-10 
  279       6.286410071158e-10 
  280       6.244112816607e-10 
  281       6.201474580541e-10 
  282       6.158507418138e-10 
  283       6.115223576609e-10 
  284       6.071635495892e-10 
  285       6.027755809354e-10 
  286       5.983597344486e-10 
  287       5.939173123605e-10 
  288       5.894496364549e-10 
  289       5.849580481379e-10 
  290       5.804439085072e-10 
  291       5.759085984223e-10 
  292       5.713535185745e-10 
  293       5.667800895562e-10 
  294       5.621897519312e-10 
  295       5.575839663041e-10 
  296       5.529642133907e-10 
  297       5.483319940873e-10 
  298       5.436888295408e-10 
  299       5.390362612183e-10 
  300       5.343758509774e-10 
  301       5.297091811354e-10 
  302       5.250378545398e-10 
  303       5.203634946373e-10 
  304       5.156877455446e-10 
  305       5.110122721174e-10 
  306       5.063387600207e-10 
  307       5.016689157985e-10 
  308       4.970044669436e-10 
  309       4.923471619674e-10 
  310       4.876987704698e-10 
  311       4.830610832092e-10 
  312       4.784357875276e-10 
  313       4.738240870958e-10 
  314       4.692270646614e-10 
  315       4.646458050190e-10 
  316       4.600813949269e-10 
  317       4.555349230241e-10 
  318       4.510074797466e-10 
  319       4.465001572443e-10 
  320       4.420140492975e-10 
  321       4.375502512339e-10 
  322       4.331098598446e-10 
  323       4.286939733015e-10 
  324       4.243036910736e-10 
  325       4.199401138436e-10 
  326       4.156043434248e-10 
  327       4.112974826776e-10 
  328       4.070206354261e-10 
  329       4.027749063750e-10 
  330       3.985614010263e-10 
  331       3.943812255954e-10 
  332       3.902354869285e-10 
  333       3.861252924188e-10 
  334       3.820517499234e-10 
  335       3.780159676798e-10 
  336       3.740190542227e-10 
  337       3.700621183005e-10 
  338       3.661462687922e-10 
  339       3.622726146238e-10 
  340       3.584422646851e-10 
  341       3.546563277466e-10 
  342       3.509159123757e-10 
  343       3.472221268536e-10 
  344       3.435760790921e-10 
  345       3.399788765500e-10 
  346       3.364316261500e-10 
  347       3.329354341952e-10 
  348       3.294914062859e-10 
  349       3.261005484906e-10 
  350       3.227634664994e-10 
  351       3.194806538111e-10 
  352       3.162525891714e-10 
  353       3.130797363927e-10 
  354       3.099625441736e-10 
  355       3.069014459185e-10 
  356       3.038968595577e-10 
  357       3.009491873663e-10 
  358       2.980588157846e-10 
  359       2.952261152374e-10 
  360       2.924514399536e-10 
  361       2.897351277861e-10 
  362       2.870775000312e-10 
  363       2.844788612485e-10 
  364       2.819394990804e-10 
  365       2.794596840716e-10 
  366       2.770396694894e-10 
  367       2.746796911425e-10 
  368       2.723799672013e-10 
  369       2.701406980173e-10 
  370       2.679620659426e-10 
  371       2.658442351501e-10 
  372       2.637873514526e-10 
  373       2.617915421226e-10 
  374       2.598569157122e-10 
  375       2.579835618724e-10 
  376       2.561715511731e-10 
  377       2.544209349227e-10 
  378       2.527317449872e-10 
  379       2.511039936109e-10 
  380       2.495376732350e-10 
  381       2.480327563181e-10 
  382       2.465891951552e-10 
  383       2.452069216979e-10 
  384       2.438858473736e-10 
  385       2.426258629055e-10 
  386       2.414268381320e-10 
  387       2.402886218268e-10 
  388       2.392110371410e-10 
  389       2.381938681131e-10 
  390       2.372368723007e-10 
  391       2.363397849288e-10 
  392       2.355023187057e-10 
  393       2.347241636395e-10 
  394       2.340049868542e-10 
  395       2.333444324056e-10 
  396       2.327421210979e-10 
  397       2.321976502995e-10 
  398       2.317105937595e-10 
  399       2.312805014236e-10 
  400       2.309068992505e-10 
  401       2.305892890279e-10 
  402       2.303271481888e-10 
  403       2.301199296277e-10 
  404       2.299670615166e-10 
  405       2.298679471213e-10 
  406       2.298219646179e-10 
  407       2.298284669081e-10 
  408       2.298867814364e-10 
  409       2.299962100055e-10 
  410       2.301560285931e-10 
  411       2.303654871675e-10 
  412       2.306238095042e-10 
  413       2.309301930019e-10 
  414       2.312838084986e-10 
  415       2.316838000880e-10 
  416       2.321292849356e-10 
  417       2.326193530947e-10 
  418       2.331530673229e-10 
  419       2.337294628978e-10 
  420       2.343475474339e-10 
  421       2.350063006981e-10 
  422       2.357046744260e-10 
  423       2.364415921385e-10 
  424       2.372159489577e-10 
  425       2.380266114227e-10 
  426       2.388724173066e-10 
  427       2.397522731648e-10 
  428       2.406654510128e-10 
  429       2.416113013806e-10 
  430       2.425891563727e-10 
  431       2.435983295486e-10 
  432       2.446381158028e-10 
  433       2.457077912455e-10 
  434       2.468066130826e-10 
  435       2.479338194963e-10 
  436       2.490886295256e-10 
  437       2.502702429460e-10 
  438       2.514778401506e-10 
  439       2.527105820303e-10 
  440       2.539676098535e-10 
  441       2.552480451474e-10 
  442       2.565509895776e-10 
  443       2.578755248290e-10 
  444       2.592207124856e-10 
  445       2.605855939114e-10 
  446       2.619691901305e-10 
  447       2.633705017072e-10 
  448       2.647885086269e-10 
  449       2.662221701760e-10 
  450       2.676704248223e-10 
  451       2.691321900958e-10 
  452       2.706063624684e-10 
  453       2.720918172347e-10 
  454       2.735874083921e-10 
  455       2.750919685214e-10 
  456       2.766043086669e-10 
  457       2.781232182170e-10 
  458       2.796474647843e-10 
  459       2.811757940862e-10 
  460       2.827069298249e-10 
  461       2.842395735681e-10 
  462       2.857724046294e-10 
  463       2.873040799481e-10 
  464       2.888332339702e-10 
  465       2.903584785285e-10 
  466       2.918785540924e-10 
  467       2.933927889548e-10 
  468       2.949006541362e-10 
  469       2.964016132736e-10 
  470       2.978951225848e-10 
  471       2.993806308320e-10 
  472       3.008575792855e-10 
  473       3.023254016876e-10 
  474       3.037835242167e-10 
  475       3.052313654507e-10 
  476       3.066683363309e-10 
  477       3.080938401262e-10 
  478       3.095072723963e-10 
  479       3.109080209562e-10 
  480       3.122954658395e-10 
  481       3.136689792622e-10 
  482       3.150279255870e-10 
  483       3.163716612868e-10 
  484       3.176995349083e-10 
  485       3.190108870364e-10 
  486       3.203050502574e-10 
  487       3.215813491234e-10 
  488       3.228391001154e-10 
  489       3.240776116080e-10 
  490       3.252961838324e-10 
  491       3.264941088409e-10 
  492       3.276706704700e-10 
  493       3.288251443051e-10 
  494       3.299567976433e-10 
  495       3.310648894583e-10 
  496       3.321486703632e-10 
  497       3.332073825752e-10 
  498       3.342402598786e-10 
  499       3.352465275894e-10 
  500       3.362254025185e-10 
  501       3.371760929359e-10 
  502       3.380977985343e-10 
  503       3.389897103931e-10 
  504       3.398510109421e-10 
  505       3.406810029208e-10 
  506       3.414795004161e-10 
  507       3.422464490186e-10 
  508       3.429817978705e-10 
  509       3.436854996899e-10 
  510       3.443575107952e-10 
  511       3.449977911292e-10 
  512       3.456063042841e-10 
  513       3.461830175253e-10 
  514       3.467279018162e-10 
  515       3.472409318423e-10 
  516       3.477220860360e-10 
  517       3.481713466005e-10 
  518       3.485886995346e-10 
  519       3.489741346567e-10 
  520       3.493276456298e-10 
  521       3.496492299852e-10 
  522       3.499388891475e-10 
  523       3.501966284583e-10 
  524       3.504224572016e-10 
  525       3.506163886271e-10 
  526       3.507784399755e-10 
  527       3.509086325022e-10 
  528       3.510069915023e-10 
  529       3.510735463344e-10 
  530       3.511083304455e-10 
  531       3.511113813952e-10 
  532       3.510827408799e-10 
  533       3.510224547578e-10 
  534       3.509305730724e-10 
  535       3.508071500777e-10 
  536       3.506522442622e-10 
  537       3.504659183733e-10 
  538       3.502482394419e-10 
  539       3.499992788066e-10 
  540       3.497191121381e-10 
  541       3.494078194640e-10 
  542       3.490654851923e-10 
  543       3.486921981369e-10 
  544       3.482881005378e-10 
  545       3.478535365165e-10 
  546       3.473889076418e-10 
  547       3.468946243364e-10 
  548       3.463711059210e-10 
  549       3.458187806587e-10 
  550       3.452380857996e-10 
  551       3.446294676241e-10 
  552       3.439933814880e-10 
  553       3.433302918665e-10 
  554       3.426406723980e-10 
  555       3.419250059290e-10 
  556       3.411837845577e-10 
  557       3.404175096788e-10 
  558       3.396266920273e-10 
  559       3.388118517228e-10 
  560       3.379735183140e-10 
  561       3.371122308225e-10 
  562       3.362285377876e-10 
  563       3.353229973097e-10 
  564       3.343961770955e-10 
  565       3.334486545015e-10 
  566       3.324810165785e-10 
  567       3.314938601158e-10 
  568       3.304877916854e-10 
  569       3.294634276863e-10 
  570       3.284213943888e-10 
  571       3.273623279784e-10 
  572       3.262868746003e-10 
  573       3.251956904037e-10 
  574       3.240894415857e-10 
  575       3.229688044360e-10 
  576       3.218344653806e-10 
  577       3.206871210263e-10 
  578       3.195274782050e-10 
  579       3.183562540179e-10 
  580       3.171741758794e-10 
  581       3.159819815620e-10 
  582       3.147804192398e-10 
  583       3.135702066583e-10 
  584       3.123519074324e-10 
  585       3.111260517453e-10 
  586       3.098931769737e-10 
  587       3.086538277172e-10 
  588       3.074085558285e-10 
  589       3.061579204433e-10 
  590       3.049024880095e-10 
  591       3.036428323178e-10 
  592       3.023795345310e-10 
  593       3.011131832140e-10 
  594       2.998443743635e-10 
  595       2.985737114381e-10 
  596       2.973018053879e-10 
  597       2.960292746844e-10 
  598       2.947567453500e-10 
  599       2.934848509885e-10 
  600       2.922142328144e-10 
  601       2.909455396828e-10 
  602       2.896794281192e-10 
  603       2.884165623496e-10 
  604       2.871576143300e-10 
  605       2.859032637763e-10 
  606       2.846541981943e-10 
  607       2.834111129093e-10 
  608       2.821747110960e-10 
  609       2.809457038083e-10 
  610       2.797248100092e-10 
  611       2.785127566005e-10 
  612       2.773102784529e-10 
  613       2.761181184354e-10 
  614       2.749370274454e-10 
  615       2.737677644384e-10 
  616       2.726110964580e-10 
  617       2.714677986656e-10 
  618       2.703386543700e-10 
  619       2.692244550578e-10 
  620       2.681260004225e-10 
  621       2.670440983949e-10 
  622       2.659794745732e-10 
  623       2.649324981231e-10 
  624       2.639034495158e-10 
  625       2.628926105480e-10 
  626       2.619002643435e-10 
  627       2.609266953555e-10 
  628       2.599721893674e-10 
  629       2.590370334957e-10 
  630       2.581215161909e-10 
  631       2.572259272396e-10 
  632       2.563505577664e-10 
  633       2.554957002353e-10 
  634       2.546616484519e-10 
  635       2.538486975648e-10 
  636       2.530571440675e-10 
  637       2.522872858003e-10 
  638       2.515394219517e-10 
  639       2.508138530606e-10 
  640       2.501108810179e-10 
  641       2.494308090680e-10 
  642       2.487739418111e-10 
  643       2.481405852045e-10 
  644       2.475310465644e-10 
  645       2.469456345681e-10 
  646       2.463846592553e-10 
  647       2.458484320299e-10 
  648       2.453372656620e-10 
  649       2.448514742898e-10 
  650       2.443913734207e-10 
  651       2.439572799337e-10 
  652       2.435495120811e-10 
  653       2.431683894898e-10 
  654       2.428142331636e-10 
  655       2.424873654847e-10 
  656       2.421881102155e-10 
  657       2.419167925004e-10 
  658       2.416737388676e-10 
  659       2.414592772307e-10 
  660       2.412737368905e-10 
  661       2.411173696526e-10 
  662       2.409901112647e-10 
  663       2.408918147219e-10 
  664       2.408223286551e-10 
  665       2.407814973107e-10 
  666       2.407691605312e-10 
  667       2.407851537352e-10 
  668       2.408293078974e-10 
  669       2.409014495289e-10 
  670       2.410014006571e-10 
  671       2.411289788063e-10 
  672       2.412839969773e-10 
  673       2.414662636277e-10 
  674       2.416755826523e-10 
  675       2.419117533629e-10 
  676       2.421745704686e-10 
  677       2.424638240557e-10 
  678       2.427792995684e-10 
  679       2.431207777883e-10 
  680       2.434880348147e-10 
  681       2.438808420451e-10 
  682       2.442989661548e-10 
  683       2.447421690775e-10 
  684       2.452102079849e-10 
  685       2.457028352675e-10 
  686       2.462197985143e-10 
  687       2.467608404927e-10 
  688       2.473256991295e-10 
  689       2.479141074899e-10 
  690       2.485257937587e-10 
  691       2.491604812196e-10 
  692       2.498178882359e-10 
  693       2.504977282302e-10 
  694       2.511997096650e-10 
  695       2.519235360224e-10 
  696       2.526689057843e-10 
  697       2.534355124131e-10 
  698       2.542230443308e-10 
  699       2.550311849000e-10 
  700       2.558595921403e-10 
  701       2.567078374550e-10 
  702       2.575754655885e-10 
  703       2.584620147497e-10 
  704       2.593670165872e-10 
  705       2.602899961642e-10 
  706       2.612304719340e-10 
  707       2.621879557148e-10 
  708       2.631619526653e-10 
  709       2.641519612596e-10 
  710       2.651574732623e-10 
  711       2.661779737040e-10 
  712       2.672129408564e-10 
  713       2.682618462070e-10 
  714       2.693241544350e-10 
  715       2.703993233860e-10 
  716       2.714868040473e-10 
  717       2.725860405231e-10 
  718       2.736964700097e-10 
  719       2.748175227706e-10 
  720       2.759486221118e-10 
  721       2.770891843566e-10 
  722       2.782386188216e-10 
  723       2.793963277907e-10 
  724       2.805617064916e-10 
  725       2.817341430697e-10 
  726       2.829130185643e-10 
  727       2.840977068832e-10 
  728       2.852875747780e-10 
  729       2.864819818194e-10 
  730       2.876802803722e-10 
  731       2.888818155707e-10 
  732       2.900859252935e-10 
  733       2.912919401392e-10 
  734       2.924991834012e-10 
  735       2.937069710428e-10 
  736       2.949146116729e-10 
  737       2.961214065204e-10 
  738       2.973266494103e-10 
  739       2.985296717029e-10 
  740       2.997299781383e-10 
  741       3.009271136243e-10 
  742       3.021206184994e-10 
  743       3.033100285179e-10 
  744       3.044948748349e-10 
  745       3.056746839913e-10 
  746       3.068489778991e-10 
  747       3.080172738260e-10 
  748       3.091790843808e-10 
  749       3.103339174983e-10 
  750       3.114812764245e-10 
  751       3.126206597014e-10 
  752       3.137515611521e-10 
  753       3.148734698660e-10 
  754       3.159858701838e-10 
  755       3.170882416825e-10 
  756       3.181800591603e-10 
  757       3.192607926219e-10 
  758       3.203299072634e-10 
  759       3.213868634574e-10 
  760       3.224311167380e-10 
  761       3.234621177858e-10 
  762       3.244793124131e-10 
  763       3.254821415488e-10 
  764       3.264700412235e-10 
  765       3.274424425545e-10 
  766       3.283987717310e-10 
  767       3.293384499989e-10 
  768       3.302608936461e-10 
  769       3.311655139872e-10 
  770       3.320517173490e-10 
  771       3.329189050552e-10 
  772       3.337664734114e-10 
  773       3.345938136906e-10 
  774       3.354003121176e-10 
  775       3.361853498547e-10 
  776       3.369483029862e-10 
  777       3.376885425036e-10 
  778       3.384055120085e-10 
  779       3.390989624476e-10 
  780       3.397687217499e-10 
  781       3.404146175081e-10 
  782       3.410364769793e-10 
  783       3.416341270856e-10 
  784       3.422073944138e-10 
  785       3.427561052168e-10 
  786       3.432800854133e-10 
  787       3.437791605885e-10 
  788       3.442531559946e-10 
  789       3.447018965510e-10 
  790       3.451252068451e-10 
  791       3.455229111324e-10 
  792       3.458948333369e-10 
  793       3.462407970519e-10 
  794       3.465606255402e-10 
  795       3.468541417344e-10 
  796       3.471211682375e-10 
  797       3.473615273234e-10 
  798       3.475750409372e-10 
  799       3.477615306956e-10 
  800       3.479208178876e-10 
  801       3.480527234744e-10 
  802       3.481570680904e-10 
  803       3.482336720434e-10 
  804       3.482823553151e-10 
  805       3.483029375611e-10 
  806       3.482952381121e-10 
  807       3.482590759738e-10 
  808       3.481942698274e-10 
  809       3.481006380300e-10 
  810       3.479779986153e-10 
  811       3.478261692939e-10 
  812       3.476449674535e-10 
  813       3.474342101596e-10 
  814       3.471937141559e-10 
  815       3.469232958645e-10 
  816       3.466227713868e-10 
  817       3.462920193646e-10 
  818       3.459311707954e-10 
  819       3.455404226085e-10 
  820       3.451199751230e-10 
  821       3.446700320596e-10 
  822       3.441908005521e-10 
  823       3.436824911590e-10 
  824       3.431453178757e-10 
  825       3.425794981457e-10 
  826       3.419852528728e-10 
  827       3.413628064322e-10 
  828       3.407123866831e-10 
  829       3.400342249793e-10 
  830       3.393285561821e-10 
  831       3.385956186711e-10 
  832       3.378356543564e-10 
  833       3.370489086901e-10 
  834       3.362356306782e-10 
  835       3.353960728921e-10 
  836       3.345304914806e-10 
  837       3.336391461813e-10 
  838       3.327223003327e-10 
  839       3.317802208855e-10 
  840       3.308131784145e-10 
  841       3.298214471307e-10 
  842       3.288053048921e-10 
  843       3.277650332164e-10 
  844       3.267009172922e-10 
  845       3.256132459907e-10 
  846       3.245023118778e-10 
  847       3.233684112252e-10 
  848       3.222118440227e-10 
  849       3.210329139897e-10 
  850       3.198319285869e-10 
  851       3.186091990279e-10 
  852       3.173650402913e-10 
  853       3.160997711319e-10 
  854       3.148137140929e-10 
  855       3.135071955172e-10 
  856       3.121805594762e-10 
  857       3.108342097903e-10 
  858       3.094685687480e-10 
  859       3.080840632683e-10 
  860       3.066811249143e-10 
  861       3.052601899076e-10 
  862       3.038216991419e-10 
  863       3.023660981975e-10 
  864       3.008938373548e-10 
  865       2.994053716087e-10 
  866       2.979011606823e-10 
  867       2.963816690409e-10 
  868       2.948473659063e-10 
  869       2.932987252706e-10 
  870       2.917362259100e-10 
  871       2.901603513991e-10 
  872       2.885715901249e-10 
  873       2.869704353004e-10 
  874       2.853573849792e-10 
  875       2.837329420689e-10 
  876       2.820976143456e-10 
  877       2.804519144674e-10 
  878       2.787963599889e-10 
  879       2.771314733749e-10 
  880       2.754577820143e-10 
  881       2.737758182345e-10 
  882       2.720861193148e-10 
  883       2.703892275012e-10 
  884       2.686856900194e-10 
  885       2.669760590898e-10 
  886       2.652608919408e-10 
  887       2.635407508230e-10 
  888       2.618162030232e-10 
  889       2.600878208786e-10 
  890       2.583561817905e-10 
  891       2.566218682384e-10 
  892       2.548854677938e-10 
  893       2.531475731348e-10 
  894       2.514087820595e-10 
  895       2.496696601637e-10 
  896       2.479306281792e-10 
  897       2.461920728256e-10 
  898       2.444543839882e-10 
  899       2.427179547271e-10 
  900       2.409831812847e-10 
  901       2.392504630950e-10 
  902       2.375202027914e-10 
  903       2.357928062153e-10 
  904       2.340686824245e-10 
  905       2.323482437018e-10 
  906       2.306319055630e-10 
  907       2.289200867656e-10 
  908       2.272132093173e-10 
  909       2.255116984841e-10 
  910       2.238159827990e-10 
  911       2.221264940700e-10 
  912       2.204436673890e-10 
  913       2.187679411401e-10 
  914       2.170997570077e-10 
  915       2.154395599851e-10 
  916       2.137877983831e-10 
  917       2.121449238380e-10 
  918       2.105113913205e-10 
  919       2.088876591436e-10 
  920       2.072741889713e-10 
  921       2.056714458272e-10 
  922       2.040798981023e-10 
  923       2.025000175640e-10 
  924       2.009322793643e-10 
  925       1.993771620481e-10 
  926       1.978351475619e-10 
  927       1.963067212617e-10 
  928       1.947923719219e-10 
  929       1.932925917436e-10 
  930       1.918078763629e-10 
  931       1.903387248593e-10 
  932       1.888856397640e-10 
  933       1.874491270689e-10 
  934       1.860296344562e-10 
  935       1.846273649158e-10 
  936       1.832424602307e-10 
  937       1.818750624914e-10 
  938       1.805253140950e-10 
  939       1.791933577461e-10 
  940       1.778793364557e-10 
  941       1.765833935421e-10 
  942       1.753056726299e-10 
  943       1.740463176506e-10 
  944       1.728054728423e-10 
  945       1.715832827494e-10 
  946       1.703798922228e-10 
  947       1.691954464199e-10 
  948       1.680300908042e-10 
  949       1.668839711453e-10 
  950       1.657572335190e-10 
  951       1.646500243072e-10 
  952       1.635624901975e-10 
  953       1.624947781835e-10 
  954       1.614470355647e-10 
  955       1.604194099460e-10 
  956       1.594120492382e-10 
  957       1.584251016573e-10 
  958       1.574587157252e-10 
  959       1.565130402686e-10 
  960       1.555882244201e-10 
  961       1.546844176171e-10 
  962       1.538017696022e-10 
  963       1.529404304232e-10 
  964       1.521005504327e-10 
  965       1.512822802883e-10 
  966       1.504857709524e-10 
  967       1.497111736921e-10 
  968       1.489586400790e-10 
  969       1.482283219896e-10 
  970       1.475203716046e-10 
  971       1.468349414093e-10 
  972       1.461721841932e-10 
  973       1.455322038251e-10 
  974       1.449149067689e-10 
  975       1.443201483388e-10 
  976       1.437477817159e-10 
  977       1.431976579418e-10 
  978       1.426696259126e-10 
  979       1.421635323722e-10 
  980       1.416792219063e-10 
  981       1.412165369358e-10 
  982       1.407753177109e-10 
  983       1.403554023041e-10 
  984       1.399566266048e-10 
  985       1.395788243121e-10 
  986       1.392218269292e-10 
  987       1.388854637566e-10 
  988       1.385695618858e-10 
  989       1.382739461936e-10 
  990       1.379984393349e-10 
  991       1.377428617371e-10 
  992       1.375070315933e-10 
  993       1.372907648563e-10 
  994       1.370938752322e-10 
  995       1.369161741740e-10 
  996       1.367574708755e-10 
  997       1.366175722646e-10 
  998       1.364962829975e-10 
  999       1.363934054518e-10 
 1000       1.363087397208e-10 
 1001       1.362420836067e-10 
 1002       1.361932326146e-10 
 1003       1.361619799460e-10 
 1004       1.361481164925e-10 
 1005       1.361514308296e-10 
 1006       1.361717092104e-10 
 1007       1.362087355590e-10 
 1008       1.362622914646e-10 
 1009       1.363321561748e-10 
 1010       1.364181065896e-10 
 1011       1.365199172550e-10 
 1012       1.366373486312e-10 
 1013       1.367701117257e-10 
 1014       1.369179029370e-10 
 1015       1.370804157266e-10 
 1016       1.372573406106e-10 
 1017       1.374483651528e-10 
 1018       1.376531739562e-10 
 1019       1.378714486559e-10 
 1020       1.381028679112e-10 
 1021       1.383471073979e-10 
 1022       1.386038398006e-10 
 1023       1.388727348051e-10 
 1024       1.391534590907e-10 
 1025       1.394456763225e-10 
 1026       1.397490471437e-10 
 1027       1.400632291677e-10 
 1028       1.403878769710e-10 
 1029       1.407226420849e-10 
 1030       1.410671729881e-10 
 1031       1.414211150989e-10 
 1032       1.417841107679e-10 
 1033       1.421557992695e-10 
 1034       1.425358167952e-10 
 1035       1.429237964452e-10 
 1036       1.433193682208e-10 
 1037       1.437221590172e-10 
 1038       1.441317926152e-10 
 1039       1.445478896739e-10 
 1040       1.449700677230e-10 
 1041       1.453979411547e-10 
 1042       1.458311212166e-10 
 1043       1.462692160038e-10 
 1044       1.467118304509e-10 
 1045       1.471585663247e-10 
 1046       1.476090222165e-10 
 1047       1.480627935341e-10 
 1048       1.485194724944e-10 
 1049       1.489786481157e-10 
 1050       1.494399062099e-10 
 1051       1.499028558855e-10 
 1052       1.503672094761e-10 
 1053       1.508327037077e-10 
 1054       1.512990732840e-10 
 1055       1.517660508816e-10 
 1056       1.522333671452e-10 
 1057       1.527007506828e-10 
 1058       1.531679280607e-10 
 1059       1.536346237990e-10 
 1060       1.541005603668e-10 
 1061       1.545654581768e-10 
 1062       1.550290355814e-10 
 1063       1.554910088671e-10 
 1064       1.559510922501e-10 
 1065       1.564089978715e-10 
 1066       1.568644357924e-10 
 1067       1.573171139888e-10 
 1068       1.577667383474e-10 
 1069       1.582130126604e-10 
 1070       1.586556386207e-10 
 1071       1.590943158171e-10 
 1072       1.595287417297e-10 
 1073       1.599586117249e-10 
 1074       1.603836190505e-10 
 1075       1.608034548312e-10 
 1076       1.612178080634e-10 
 1077       1.616263656108e-10 
 1078       1.620288121994e-10 
 1079       1.624248304124e-10 
 1080       1.628141006861e-10 
 1081       1.631963013043e-10 
 1082       1.635711083941e-10 
 1083       1.639381959208e-10 
 1084       1.642972356830e-10 
 1085       1.646478973081e-10 
 1086       1.649898482473e-10 
 1087       1.653227537708e-10 
 1088       1.656462769630e-10 
 1089       1.659600787177e-10 
 1090       1.662638618434e-10 
 1091       1.665575040362e-10 
 1092       1.668409266798e-10 
 1093       1.671140508969e-10 
 1094       1.673767975484e-10 
 1095       1.676290872338e-10 
 1096       1.678708402900e-10 
 1097       1.681019767915e-10 
 1098       1.683224165499e-10 
 1099       1.685320791135e-10 
 1100       1.687308837669e-10 
 1101       1.689187495307e-10 
 1102       1.690955951612e-10 
 1103       1.692613391501e-10 
 1104       1.694158997237e-10 
 1105       1.695591948433e-10 
 1106       1.696911422041e-10 
 1107       1.698116592353e-10 
 1108       1.699206630995e-10 
 1109       1.700180706926e-10 
 1110       1.701037986431e-10 
 1111       1.701777633122e-10 
 1112       1.702398807928e-10 
 1113       1.702900669099e-10 
 1114       1.703282372197e-10 
 1115       1.703543070092e-10 
 1116       1.703681912963e-10 
 1117       1.703698048293e-10 
 1118       1.703590620860e-10 
 1119       1.703358772742e-10 
 1120       1.703001643306e-10 
 1121       1.702518369210e-10 
 1122       1.701908084396e-10 
 1123       1.701169920086e-10 
 1124       1.700303004783e-10 
 1125       1.699306464262e-10 
 1126       1.698179421568e-10 
 1127       1.696920997017e-10 
 1128       1.695530308183e-10 
 1129       1.694006816135e-10 
 1130       1.692351369022e-10 
 1131       1.690565171982e-10 
 1132       1.688649442172e-10 
 1133       1.686605408789e-10 
 1134       1.684434313105e-10 
 1135       1.682137408495e-10 
 1136       1.679715960463e-10 
 1137       1.677171246673e-10 
 1138       1.674504556980e-10 
 1139       1.671717193455e-10 
 1140       1.668810470417e-10 
 1141       1.665785714459e-10 
 1142       1.662644264483e-10 
 1143       1.659387471720e-10 
 1144       1.656016699768e-10 
 1145       1.652533324615e-10 
 1146       1.648938734670e-10 
 1147       1.645234330791e-10 
 1148       1.641421526318e-10 
 1149       1.637501747096e-10 
 1150       1.633476431507e-10 
 1151       1.629347030500e-10 
 1152       1.625115007619e-10 
 1153       1.620781839032e-10 
 1154       1.616349013558e-10 
 1155       1.611818032700e-10 
 1156       1.607190410671e-10 
 1157       1.602467674423e-10 
 1158       1.597651363678e-10 
 1159       1.592743030956e-10 
 1160       1.587744241602e-10 
 1161       1.582656573820e-10 
 1162       1.577481618696e-10 
 1163       1.572220980231e-10 
 1164       1.566876275368e-10 
 1165       1.561449134023e-10 
 1166       1.555941199112e-10 
 1167       1.550354126581e-10 
 1168       1.544689661919e-10 
 1169       1.538949870692e-10 
 1170       1.533136910951e-10 
 1171       1.527252957045e-10 
 1172       1.521300199660e-10 
 1173       1.515280845848e-10 
 1174       1.509197119068e-10 
 1175       1.503051259221e-10 
 1176       1.496845522684e-10 
 1177       1.490582182347e-10 
 1178       1.484263527649e-10 
 1179       1.477891864612e-10 
 1180       1.471469515879e-10 
 1181       1.464998820748e-10 
 1182       1.458482135207e-10 
 1183       1.451921831973e-10 
 1184       1.445320300525e-10 
 1185       1.438679947140e-10 
 1186       1.432003194930e-10 
 1187       1.425292483875e-10 
 1188       1.418550270862e-10 
 1189       1.411779029720e-10 
 1190       1.404981251253e-10 
 1191       1.398159443279e-10 
 1192       1.391316130664e-10 
 1193       1.384453855359e-10 
 1194       1.377575176434e-10 
 1195       1.370682670113e-10 
 1196       1.363778929815e-10 
 1197       1.356866566182e-10 
 1198       1.349948207123e-10 
 1199       1.343026497841e-10 
 1200       1.336104100876e-10 
 1201       1.329183696137e-10 
 1202       1.322267980938e-10 
 1203       1.315359670036e-10 
 1204       1.308461495664e-10 
 1205       1.301576207566e-10 
 1206       1.294706573037e-10 
 1207       1.287855187911e-10 
 1208       1.281023906953e-10 
 1209       1.274214406642e-10 
 1210       1.267428373607e-10 
 1211       1.260667504652e-10 
 1212       1.253933506768e-10 
 1213       1.247228097162e-10 
 1214       1.240553003272e-10 
 1215       1.233909962787e-10 
 1216       1.227300723670e-10 
 1217       1.220727044177e-10 
 1218       1.214190692876e-10 
 1219       1.207693448667e-10 
 1220       1.201237100806e-10 
 1221       1.194823448918e-10 
 1222       1.188454303026e-10 
 1223       1.182131483565e-10 
 1224       1.175856821401e-10 
 1225       1.169632157858e-10 
 1226       1.163459344732e-10 
 1227       1.157340244313e-10 
 1228       1.151276729406e-10 
 1229       1.145270683351e-10 
 1230       1.139324000042e-10 
 1231       1.133438583948e-10 
 1232       1.127616350133e-10 
 1233       1.121859224276e-10 
 1234       1.116169142692e-10 
 1235       1.110548052350e-10 
 1236       1.104997910897e-10 
 1237       1.099520686674e-10 
 1238       1.094118358738e-10 
 1239       1.088792916883e-10 
 1240       1.083546361659e-10 
 1241       1.078380704392e-10 
 1242       1.073297967204e-10 
 1243       1.068300183036e-10 
 1244       1.063389395663e-10 
 1245       1.058567659720e-10 
 1246       1.053836738539e-10 
 1247       1.049197193755e-10 
 1248       1.044649285064e-10 
 1249       1.040193271422e-10 
 1250       1.035829411050e-10 
 1251       1.031557961424e-10 
 1252       1.027379179276e-10 
 1253       1.023293320588e-10 
 1254       1.019300640592e-10 
 1255       1.015401393763e-10 
 1256       1.011595833819e-10 
 1257       1.007884213718e-10 
 1258       1.004266785651e-10 
 1259       1.000743801042e-10 
 1260       9.973155105446e-11 
 1261       9.939821640390e-11 
 1262       9.907440106269e-11 
 1263       9.876012986301e-11 
 1264       9.845542755868e-11 
 1265       9.816031882483e-11 
 1266       9.787482825762e-11 
 1267       9.759898037386e-11 
 1268       9.733279961075e-11 
 1269       9.707631032554e-11 
 1270       9.682953679520e-11 
 1271       9.659250321613e-11 
 1272       9.636523370381e-11 
 1273       9.614775229250e-11 
 1274       9.594008293492e-11 
 1275       9.574224950194e-11 
 1276       9.555427578224e-11 
 1277       9.537618548201e-11 
 1278       9.520800222463e-11 
 1279       9.504974955034e-11 
 1280       9.490145091594e-11 
 1281       9.476312969446e-11 
 1282       9.463480917485e-11 
 1283       9.451651256163e-11 
 1284       9.440826297463e-11 
 1285       9.431006106724e-11 
 1286       9.422181760320e-11 
 1287       9.414342011212e-11 
 1288       9.407475519928e-11 
 1289       9.401570854370e-11 
 1290       9.396616489625e-11 
 1291       9.392600807761e-11 
 1292       9.389512097643e-11 
 1293       9.387338554729e-11 
 1294       9.386068280885e-11 
 1295       9.385689284183e-11 
 1296       9.386189478710e-11 
 1297       9.387556684375e-11 
 1298       9.389778626711e-11 
 1299       9.392842936685e-11 
 1300       9.396737150498e-11 
 1301       9.401448709398e-11 
 1302       9.406964959479e-11 
 1303       9.413273151491e-11 
 1304       9.420360440642e-11 
 1305       9.428213886407e-11 
 1306       9.436820452333e-11 
 1307       9.446167005844e-11 
 1308       9.456240318044e-11 
 1309       9.467027063529e-11 
 1310       9.478513820186e-11 
 1311       9.490687069004e-11 
 1312       9.503533193877e-11 
 1313       9.517038481408e-11 
 1314       9.531189120719e-11 
 1315       9.545971203253e-11 
 1316       9.561370722582e-11 
 1317       9.577373574211e-11 
 1318       9.593965555384e-11 
 1319       9.611132364891e-11 
 1320       9.628859602872e-11 
 1321       9.647132770624e-11 
 1322       9.665937270404e-11 
 1323       9.685258405240e-11 
 1324       9.705081093303e-11 
 1325       9.725389007979e-11 
 1326       9.746165427918e-11 
 1327       9.767393521385e-11 
 1328       9.789056346045e-11 
 1329       9.811136848752e-11 
 1330       9.833617865332e-11 
 1331       9.856482120372e-11 
 1332       9.879712227003e-11 
 1333       9.903290686691e-11 
 1334       9.927199889017e-11 
 1335       9.951422111469e-11 
 1336       9.975939519222e-11 
 1337       1.000073416493e-10 
 1338       1.002578798851e-10 
 1339       1.005108281693e-10 
 1340       1.007660036399e-10 
 1341       1.010232223010e-10 
 1342       1.012822990210e-10 
 1343       1.015430475301e-10 
 1344       1.018052804183e-10 
 1345       1.020688091333e-10 
 1346       1.023334439782e-10 
 1347       1.025989941096e-10 
 1348       1.028652675354e-10 
 1349       1.031320711124e-10 
 1350       1.033992105446e-10 
 1351       1.036664903805e-10 
 1352       1.039337140117e-10 
 1353       1.042006836700e-10 
 1354       1.044672004257e-10 
 1355       1.047330641856e-10 
 1356       1.049980736903e-10 
 1357       1.052620265126e-10 
 1358       1.055247190550e-10 
 1359       1.057859465480e-10 
 1360       1.060455030473e-10 
 1361       1.063031814323e-10 
 1362       1.065587734037e-10 
 1363       1.068120849013e-10 
 1364       1.070629825436e-10 
 1365       1.073113476825e-10 
 1366       1.075570610268e-10 
 1367       1.078000026414e-10 
 1368       1.080400519464e-10 
 1369       1.082770877151e-10 
 1370       1.085109880740e-10 
 1371       1.087416305006e-10 
 1372       1.089688918230e-10 
 1373       1.091926482184e-10 
 1374       1.094127752120e-10 
 1375       1.096291476759e-10 
 1376       1.098416398279e-10 
 1377       1.100501252306e-10 
 1378       1.102544767899e-10 
 1379       1.104545667540e-10 
 1380       1.106502667124e-10 
 1381       1.108414475945e-10 
 1382       1.110279796686e-10 
 1383       1.112097325410e-10 
 1384       1.113865751542e-10 
 1385       1.115583757864e-10 
 1386       1.117250020500e-10 
 1387       1.118863208909e-10 
 1388       1.120421985865e-10 
 1389       1.121925007456e-10 
 1390       1.123370923063e-10 
 1391       1.124758375356e-10 
 1392       1.126086000278e-10 
 1393       1.127352427037e-10 
 1394       1.128556278091e-10 
 1395       1.129696169138e-10 
 1396       1.130770709106e-10 
 1397       1.131778500140e-10 
 1398       1.132718137590e-10 
 1399       1.133588210003e-10 
 1400       1.134387299107e-10 
 1401       1.135113979802e-10 
 1402       1.135767044395e-10 
 1403       1.136346177889e-10 
 1404       1.136851289713e-10 
 1405       1.137282290121e-10 
 1406       1.137639090190e-10 
 1407       1.137921601824e-10 
 1408       1.138129737758e-10 
 1409       1.138263411558e-10 
 1410       1.138322537622e-10 
 1411       1.138307031187e-10 
 1412       1.138216808325e-10 
 1413       1.138051785952e-10 
 1414       1.137811881824e-10 
 1415       1.137497014544e-10 
 1416       1.137107103562e-10 
 1417       1.136642069175e-10 
 1418       1.136101832536e-10 
 1419       1.135486315650e-10 
 1420       1.134795441376e-10 
 1421       1.134029133436e-10 
 1422       1.133187316409e-10 
 1423       1.132269915740e-10 
 1424       1.131276857738e-10 
 1425       1.130208069578e-10 
 1426       1.129063479307e-10 
 1427       1.127843015843e-10 
 1428       1.126546608979e-10 
 1429       1.125174189384e-10 
 1430       1.123725688606e-10 
 1431       1.122201039073e-10 
 1432       1.120600174098e-10 
 1433       1.118923027878e-10 
 1434       1.117169535499e-10 
 1435       1.115339632936e-10 
 1436       1.113433257057e-10 
 1437       1.111450345624e-10 
 1438       1.109390837297e-10 
 1439       1.107254671632e-10 
 1440       1.105041789089e-10 
 1441       1.102752290032e-10 
 1442       1.100386913494e-10 
 1443       1.097946563276e-10 
 1444       1.095432149399e-10 
 1445       1.092844588114e-10 
 1446       1.090184801917e-10 
 1447       1.087453719553e-10 
 1448       1.084652276036e-10 
 1449       1.081781412655e-10 
 1450       1.078842076988e-10 
 1451       1.075835222910e-10 
 1452       1.072761810610e-10 
 1453       1.069622806597e-10 
 1454       1.066419183715e-10 
 1455       1.063151921152e-10 
 1456       1.059822004455e-10 
 1457       1.056430425536e-10 
 1458       1.052978182687e-10 
 1459       1.049466280594e-10 
 1460       1.045895730340e-10 
 1461       1.042267549427e-10 
 1462       1.038582761779e-10 
 1463       1.034842397757e-10 
 1464       1.031047494171e-10 
 1465       1.027199094289e-10 
 1466       1.023298247852e-10 
 1467       1.019346011081e-10 
 1468       1.015343446692e-10 
 1469       1.011291623906e-10 
 1470       1.007191618461e-10 
 1471       1.003044512622e-10 
 1472       9.988513951948e-11 
 1473       9.946133615345e-11 
 1474       9.903315135598e-11 
 1475       9.860069597626e-11 
 1476       9.816408152201e-11 
 1477       9.772342016060e-11 
 1478       9.727882472023e-11 
 1479       9.683040869102e-11 
 1480       9.637828793388e-11 
 1481       9.592258582321e-11 
 1482       9.546342815728e-11 
 1483       9.500094145641e-11 
 1484       9.453525296417e-11 
 1485       9.406649064865e-11 
 1486       9.359478320368e-11 
 1487       9.312026005007e-11 
 1488       9.264305133686e-11 
 1489       9.216328794252e-11 
 1490       9.168110147623e-11 
 1491       9.119662427908e-11 
 1492       9.070998942534e-11 
 1493       9.022133072366e-11 
 1494       8.973078271835e-11 
 1495       8.923848069056e-11 
 1496       8.874456065959e-11 
 1497       8.824915938405e-11 
 1498       8.775241436314e-11 
 1499       8.725446383789e-11 
 1500       8.675544679237e-11 
 1501       8.625550295496e-11 
 1502       8.575477279955e-11 
 1503       8.525339754679e-11 
 1504       8.475151916536e-11 
 1505       8.424928037315e-11 
 1506       8.374682463852e-11 
 1507       8.324429618157e-11 
 1508       8.274183997531e-11 
 1509       8.223960174697e-11 
 1510       8.173772797917e-11 
 1511       8.123636591120e-11 
 1512       8.073566354023e-11 
 1513       8.023576962259e-11 
 1514       7.973683367493e-11 
 1515       7.923900597554e-11 
 1516       7.874243756553e-11 
 1517       7.824728025009e-11 
 1518       7.775368659972e-11 
 1519       7.726179875460e-11 
 1520       7.677171471728e-11 
 1521       7.628352173785e-11 
 1522       7.579730748203e-11 
 1523       7.531316003184e-11 
 1524       7.483116788620e-11 
 1525       7.435141996165e-11 
 1526       7.387400559294e-11 
 1527       7.339901453375e-11 
 1528       7.292653695730e-11 
 1529       7.245666345699e-11 
 1530       7.198948504713e-11 
 1531       7.152509316350e-11 
 1532       7.106357966408e-11 
 1533       7.060503682966e-11 
 1534       7.014955736451e-11 
 1535       6.969723439705e-11 
 1536       6.924816148046e-11 
 1537       6.880243259338e-11 
 1538       6.836014214056e-11 
 1539       6.792138495346e-11 
 1540       6.748625629100e-11 
 1541       6.705485184012e-11 
 1542       6.662726771649e-11 
 1543       6.620360046515e-11 
 1544       6.578394706116e-11 
 1545       6.536840491027e-11 
 1546       6.495707184956e-11 
 1547       6.455004614809e-11 
 1548       6.414742650757e-11 
 1549       6.374931206300e-11 
 1550       6.335580238334e-11 
 1551       6.296699747215e-11 
 1552       6.258299776826e-11 
 1553       6.220390414640e-11 
 1554       6.182981791790e-11 
 1555       6.146084083127e-11 
 1556       6.109707507294e-11 
 1557       6.073862326786e-11 
 1558       6.038557262098e-11 
 1559       6.003794717757e-11 
 1560       5.969575511599e-11 
 1561       5.935900456604e-11 
 1562       5.902770360887e-11 
 1563       5.870186027679e-11 
 1564       5.838148255321e-11 
 1565       5.806657837246e-11 
 1566       5.775715561969e-11 
 1567       5.745322213072e-11 
 1568       5.715478569193e-11 
 1569       5.686185404011e-11 
 1570       5.657443486236e-11 
 1571       5.629253579594e-11 
 1572       5.601616442814e-11 
 1573       5.574532829615e-11 
 1574       5.548003488695e-11 
 1575       5.522029163717e-11 
 1576       5.496610593294e-11 
 1577       5.471748510981e-11 
 1578       5.447443645257e-11 
 1579       5.423696719515e-11 
 1580       5.400508452048e-11 
 1581       5.377879556037e-11 
 1582       5.355810739537e-11 
 1583       5.334302705465e-11 
 1584       5.313356151586e-11 
 1585       5.292971770504e-11 
 1586       5.273150249641e-11 
 1587       5.253892271233e-11 
 1588       5.235198512311e-11 
 1589       5.217069644693e-11 
 1590       5.199506334965e-11 
 1591       5.182509244473e-11 
 1592       5.166079029310e-11 
 1593       5.150216340300e-11 
 1594       5.134921822986e-11 
 1595       5.120196117620e-11 
 1596       5.106039859148e-11 
 1597       5.092452565289e-11 
 1598       5.079429289670e-11 
 1599       5.066963938009e-11 
 1600       5.055050377172e-11 
 1601       5.043682435110e-11 
 1602       5.032853900794e-11 
 1603       5.022558524147e-11 
 1604       5.012790015983e-11 
 1605       5.003542047937e-11 
 1606       4.994808252404e-11 
 1607       4.986582222471e-11 
 1608       4.978857511855e-11 
 1609       4.971627634832e-11 
 1610       4.964886066180e-11 
 1611       4.958626241107e-11 
 1612       4.952841555188e-11 
 1613       4.947525364301e-11 
 1614       4.942670984560e-11 
 1615       4.938271692251e-11 
 1616       4.934320723768e-11 
 1617       4.930811275545e-11 
 1618       4.927736503990e-11 
 1619       4.925089525427e-11 
 1620       4.922863416021e-11 
 1621       4.921051211720e-11 
 1622       4.919645908187e-11 
 1623       4.918640460735e-11 
 1624       4.918027784263e-11 
 1625       4.917800753188e-11 
 1626       4.917952201384e-11 
 1627       4.918474922113e-11 
 1628       4.919361667961e-11 
 1629       4.920605150775e-11 
 1630       4.922198041594e-11 
 1631       4.924132970586e-11 
 1632       4.926402526985e-11 
 1633       4.928999259021e-11 
 1634       4.931915673858e-11 
 1635       4.935144237527e-11 
 1636       4.938677250673e-11 
 1637       4.942506474697e-11 
 1638       4.946623502137e-11 
 1639       4.951019880491e-11 
 1640       4.955687112139e-11 
 1641       4.960616654275e-11 
 1642       4.965799918839e-11 
 1643       4.971228272441e-11 
 1644       4.976893036295e-11 
 1645       4.982785486146e-11 
 1646       4.988896852200e-11 
 1647       4.995218319051e-11 
 1648       5.001741025613e-11 
 1649       5.008456065050e-11 
 1650       5.015354484702e-11 
 1651       5.022427286015e-11 
 1652       5.029665424473e-11 
 1653       5.037059809525e-11 
 1654       5.044601304514e-11 
 1655       5.052280726607e-11 
 1656       5.060088846724e-11 
 1657       5.068016389468e-11 
 1658       5.076054033053e-11 
 1659       5.084192409235e-11 
 1660       5.092422103238e-11 
 1661       5.100733653687e-11 
 1662       5.109117552536e-11 
 1663       5.117564244996e-11 
 1664       5.126064129465e-11 
 1665       5.134607557459e-11 
 1666       5.143184833538e-11 
 1667       5.151786215237e-11 
 1668       5.160401912996e-11 
 1669       5.169022090088e-11 
 1670       5.177636862550e-11 
 1671       5.186236299108e-11 
 1672       5.194810421112e-11 
 1673       5.203349202462e-11 
 1674       5.211842569536e-11 
 1675       5.220281154223e-11 
 1676       5.228658560348e-11 
 1677       5.236969116902e-11 
 1678       5.245207126698e-11 
 1679       5.253366866334e-11 
 1680       5.261442586155e-11 
 1681       5.269428510213e-11 
 1682       5.277318836227e-11 
 1683       5.285107735551e-11 
 1684       5.292789353127e-11 
 1685       5.300357807451e-11 
 1686       5.307807190535e-11 
 1687       5.315131567866e-11 
 1688       5.322324978370e-11 
 1689       5.329381434370e-11 
 1690       5.336294921552e-11 
 1691       5.343059398922e-11 
 1692       5.349668798771e-11 
 1693       5.356117026634e-11 
 1694       5.362397961252e-11 
 1695       5.368505454535e-11 
 1696       5.374433331521e-11 
 1697       5.380175390339e-11 
 1698       5.385725402172e-11 
 1699       5.391077111213e-11 
 1700       5.396224234633e-11 
 1701       5.401160462538e-11 
 1702       5.405879457933e-11 
 1703       5.410374856681e-11 
 1704       5.414640267466e-11 
 1705       5.418669271757e-11 
 1706       5.422455423762e-11 
 1707       5.425992250397e-11 
 1708       5.429273251246e-11 
 1709       5.432291898517e-11 
 1710       5.435041637012e-11 
 1711       5.437515884079e-11 
 1712       5.439708029583e-11 
 1713       5.441611435860e-11 
 1714       5.443220497655e-11 
 1715       5.444533831892e-11 
 1716       5.445551115055e-11 
 1717       5.446272025695e-11 
 1718       5.446696244427e-11 
 1719       5.446823453946e-11 
 1720       5.446653339020e-11 
 1721       5.446185586504e-11 
 1722       5.445419885340e-11 
 1723       5.444355926561e-11 
 1724       5.442993403298e-11 
 1725       5.441332010787e-11 
 1726       5.439371446367e-11 
 1727       5.437111409491e-11 
 1728       5.434551601726e-11 
 1729       5.431691726763e-11 
 1730       5.428531490416e-11 
 1731       5.425070600630e-11 
 1732       5.421308767486e-11 
 1733       5.417245703204e-11 
 1734       5.412881122150e-11 
 1735       5.408214740837e-11 
 1736       5.403246277934e-11 
 1737       5.397975454268e-11 
 1738       5.392401992829e-11 
 1739       5.386525618775e-11 
 1740       5.380346059438e-11 
 1741       5.373863044326e-11 
 1742       5.367076305132e-11 
 1743       5.359985575733e-11 
 1744       5.352590592199e-11 
 1745       5.344891092797e-11 
 1746       5.336886817995e-11 
 1747       5.328577510465e-11 
 1748       5.319962915092e-11 
 1749       5.311042778976e-11 
 1750       5.301816851436e-11 
 1751       5.292284884016e-11 
 1752       5.282446630490e-11 
 1753       5.272302575022e-11 
 1754       5.261856123286e-11 
 1755       5.251111429643e-11 
 1756       5.240072670683e-11 
 1757       5.228744045253e-11 
 1758       5.217129774494e-11 
 1759       5.205234101872e-11 
 1760       5.193061293212e-11 
 1761       5.180615636731e-11 
 1762       5.167901443071e-11 
 1763       5.154923045331e-11 
 1764       5.141684799104e-11 
 1765       5.128191082505e-11 
 1766       5.114446296208e-11 
 1767       5.100454863477e-11 
 1768       5.086221230199e-11 
 1769       5.071749864921e-11 
 1770       5.057045258877e-11 
 1771       5.042111926026e-11 
 1772       5.026954403082e-11 
 1773       5.011577249551e-11 
 1774       4.995985047758e-11 
 1775       4.980182402888e-11 
 1776       4.964173943013e-11 
 1777       4.947964319125e-11 
 1778       4.931558205175e-11 
 1779       4.914960298100e-11 
 1780       4.898175317859e-11 
 1781       4.881208007466e-11 
 1782       4.864063133022e-11 
 1783       4.846745483750e-11 
 1784       4.829259872026e-11 
 1785       4.811611133413e-11 
 1786       4.793804126697e-11 
 1787       4.775843733914e-11 
 1788       4.757734860387e-11 
 1789       4.739482434762e-11 
 1790       4.721091409033e-11 
 1791       4.702566758585e-11 
 1792       4.683913544458e-11 
 1793       4.665137100662e-11 
 1794       4.646242848462e-11 
 1795       4.627236234311e-11 
 1796       4.608122729888e-11 
 1797       4.588907832129e-11 
 1798       4.569597063267e-11 
 1799       4.550195970867e-11 
 1800       4.530710127859e-11 
 1801       4.511145132573e-11 
 1802       4.491506608779e-11 
 1803       4.471800205719e-11 
 1804       4.452031598142e-11 
 1805       4.432206486340e-11 
 1806       4.412330596187e-11 
 1807       4.392409679168e-11 
 1808       4.372449512421e-11 
 1809       4.352455898766e-11 
 1810       4.332434666746e-11 
 1811       4.312391670661e-11 
 1812       4.292332790601e-11 
 1813       4.272263932484e-11 
 1814       4.252191028091e-11 
 1815       4.232120035100e-11 
 1816       4.212056937124e-11 
 1817       4.192007743745e-11 
 1818       4.171978490547e-11 
 1819       4.151975239157e-11 
 1820       4.132004077277e-11 
 1821       4.112071118719e-11 
 1822       4.092182503441e-11 
 1823       4.072344397584e-11 
 1824       4.052562993505e-11 
 1825       4.032844509815e-11 
 1826       4.013195191413e-11 
 1827       3.993621309520e-11 
 1828       3.974129161720e-11 
 1829       3.954725071986e-11 
 1830       3.935415390727e-11 
 1831       3.916205984159e-11 
 1832       3.897100697930e-11 
 1833       3.878102881288e-11 
 1834       3.859215896643e-11 
 1835       3.840443119580e-11 
 1836       3.821787938880e-11 
 1837       3.803253756532e-11 
 1838       3.784843987756e-11 
 1839       3.766562061015e-11 
 1840       3.748411418037e-11 
 1841       3.730395513829e-11 
 1842       3.712517816693e-11 
 1843       3.694781808248e-11 
 1844       3.677190983443e-11 
 1845       3.659748850576e-11 
 1846       3.642458931310e-11 
 1847       3.625324760692e-11 
 1848       3.608349887169e-11 
 1849       3.591537872603e-11 
 1850       3.574892292295e-11 
 1851       3.558416734993e-11 
 1852       3.542114802918e-11 
 1853       3.525990111773e-11 
 1854       3.510046290769e-11 
 1855       3.494286982634e-11 
 1856       3.478715843634e-11 
 1857       3.463336543591e-11 
 1858       3.448152765899e-11 
 1859       3.433168207541e-11 
 1860       3.418386579106e-11 
 1861       3.403811604806e-11 
 1862       3.389447022496e-11 
 1863       3.375296583688e-11 
 1864       3.361364053569e-11 
 1865       3.347653211017e-11 
 1866       3.334167848623e-11 
 1867       3.320911772702e-11 
 1868       3.307888803314e-11 
 1869       3.295102774279e-11 
 1870       3.282556839217e-11 
 1871       3.270251383680e-11 
 1872       3.258186096711e-11 
 1873       3.246360663338e-11 
 1874       3.234774764565e-11 
 1875       3.223428077367e-11 
 1876       3.212320274680e-11 
 1877       3.201451025399e-11 
 1878       3.190819994369e-11 
 1879       3.180426842376e-11 
 1880       3.170271226146e-11 
 1881       3.160352798334e-11 
 1882       3.150671207520e-11 
 1883       3.141226098198e-11 
 1884       3.132017110776e-11 
 1885       3.123043881563e-11 
 1886       3.114306042768e-11 
 1887       3.105803222490e-11 
 1888       3.097535044709e-11 
 1889       3.089501129287e-11 
 1890       3.081701091954e-11 
 1891       3.074134544304e-11 
 1892       3.066801093791e-11 
 1893       3.059700343719e-11 
 1894       3.052831893234e-11 
 1895       3.046195337324e-11 
 1896       3.039790266804e-11 
 1897       3.033616268317e-11 
 1898       3.027672924322e-11 
 1899       3.021959813089e-11 
 1900       3.016476508695e-11 
 1901       3.011222581014e-11 
 1902       3.006197595710e-11 
 1903       3.001401114234e-11 
 1904       2.996832693815e-11 
 1905       2.992491887452e-11 
 1906       2.988378243910e-11 
 1907       2.984491307715e-11 
 1908       2.980830619141e-11 
 1909       2.977395260643e-11 
 1910       2.974182492345e-11 
 1911       2.971189106077e-11 
 1912       2.968411877969e-11 
 1913       2.965847568429e-11 
 1914       2.963492922122e-11 
 1915       2.961344667948e-11 
 1916       2.959399519022e-11 
 1917       2.957654172650e-11 
 1918       2.956105310309e-11 
 1919       2.954749597627e-11 
 1920       2.953583684358e-11 
 1921       2.952604204363e-11 
 1922       2.951807775587e-11 
 1923       2.951191000037e-11 
 1924       2.950750463766e-11 
 1925       2.950482736841e-11 
 1926       2.950384373333e-11 
 1927       2.950451911286e-11 
 1928       2.950681872702e-11 
 1929       2.951070763515e-11 
 1930       2.951615073573e-11 
 1931       2.952311276613e-11 
 1932       2.953155830243e-11 
 1933       2.954145175919e-11 
 1934       2.955275738921e-11 
 1935       2.956543928335e-11 
 1936       2.957946137031e-11 
 1937       2.959478741639e-11 
 1938       2.961138102531e-11 
 1939       2.962920563794e-11 
 1940       2.964822453216e-11 
 1941       2.966840082259e-11 
 1942       2.968969746037e-11 
 1943       2.971207723300e-11 
 1944       2.973550276406e-11 
 1945       2.975993651302e-11 
 1946       2.978534077506e-11 
 1947       2.981167768079e-11 
 1948       2.983890918452e-11 
 1949       2.986699702921e-11 
 1950       2.989590278084e-11 
 1951       2.992558783967e-11 
 1952       2.995601344009e-11 
 1953       2.998714065036e-11 
 1954       3.001893037239e-11 
 1955       3.005134334159e-11 
 1956       3.008434012656e-11 
 1957       3.011788112894e-11 
 1958       3.015192658317e-11 
 1959       3.018643655630e-11 
 1960       3.022137094772e-11 
 1961       3.025668948900e-11 
 1962       3.029235174365e-11 
 1963       3.032831710690e-11 
 1964       3.036454480550e-11 
 1965       3.040099389748e-11 
 1966       3.043762327196e-11 
 1967       3.047439164892e-11 
 1968       3.051125757901e-11 
 1969       3.054817944326e-11 
 1970       3.058511545297e-11 
 1971       3.062202364941e-11 
 1972       3.065886190365e-11 
 1973       3.069558791632e-11 
 1974       3.073215921740e-11 
 1975       3.076853316601e-11 
 1976       3.080466695021e-11 
 1977       3.084051758675e-11 
 1978       3.087604192085e-11 
 1979       3.091119662606e-11 
 1980       3.094593820392e-11 
 1981       3.098022298388e-11 
 1982       3.101400712297e-11 
 1983       3.104724660564e-11 
 1984       3.107989724356e-11 
 1985       3.111191467536e-11 
 1986       3.114325436643e-11 
 1987       3.117387536052e-11 
 1988       3.120375156507e-11 
 1989       3.123286054856e-11 
 1990       3.126117979616e-11 
 1991       3.128868670965e-11 
 1992       3.131535860727e-11 
 1993       3.134117272369e-11 
 1994       3.136610620982e-11 
 1995       3.139013613278e-11 
 1996       3.141323947576e-11 
 1997       3.143539313796e-11 
 1998       3.145657393443e-11 
 1999       3.147675859599e-11 
 2000       3.149592376917e-11 
 2001       3.151404601604e-11 
 2002       3.153110181417e-11 
 2003       3.154706755648e-11 
 2004       3.156191955116e-11 
 2005       3.157563402159e-11 
 2006       3.158818710617e-11 
 2007       3.159955485832e-11 
 2008       3.160971324627e-11 
 2009       3.161863815305e-11 
 2010       3.162630537631e-11 
 2011       3.163269062829e-11 
 2012       3.163776953567e-11 
 2013       3.164151763948e-11 
 2014       3.164391039500e-11 
 2015       3.164492317166e-11 
 2016       3.164453125296e-11 
 2017       3.164270983630e-11 
 2018       3.163943403297e-11 
 2019       3.163467886798e-11 
 2020       3.162841927997e-11 
 2021       3.162063012114e-11 
 2022       3.161128615711e-11 
 2023       3.160036206685e-11 
 2024       3.158783244256e-11 
 2025       3.157367178956e-11 
 2026       3.155785934698e-11 
 2027       3.154039358804e-11 
 2028       3.152127782431e-11 
 2029       3.150051539450e-11 
 2030       3.147810966449e-11 
 2031       3.145406402739e-11 
 2032       3.142838190353e-11 
 2033       3.140106674057e-11 
 2034       3.137212201348e-11 
 2035       3.134155122459e-11 
 2036       3.130935790366e-11 
 2037       3.127554560789e-11 
 2038       3.124011792197e-11 
 2039       3.120307845812e-11 
 2040       3.116443085610e-11 
 2041       3.112417878331e-11 
 2042       3.108232593477e-11 
 2043       3.103887603320e-11 
 2044       3.099383282902e-11 
 2045       3.094720010043e-11 
 2046       3.089898165343e-11 
 2047       3.084918132185e-11 
 2048       3.079780296739e-11 
 2049       3.074485047970e-11 
 2050       3.069032777634e-11 
 2051       3.063423880292e-11 
 2052       3.057658753303e-11 
 2053       3.051737796838e-11 
 2054       3.045661413876e-11 
 2055       3.039430010214e-11 
 2056       3.033043994465e-11 
 2057       3.026503778067e-11 
 2058       3.019809775285e-11 
 2059       3.012962403214e-11 
 2060       3.005962081785e-11 
 2061       2.998809233767e-11 
 2062       2.991504284770e-11 
 2063       2.984047663253e-11 
 2064       2.976439800525e-11 
 2065       2.968681439423e-11 
 2066       2.960774562742e-11 
 2067       2.952721471392e-11 
 2068       2.944524476341e-11 
 2069       2.936185898618e-11 
 2070       2.927708069334e-11 
 2071       2.919093329690e-11 
 2072       2.910344030990e-11 
 2073       2.901462534654e-11 
 2074       2.892451212232e-11 
 2075       2.883312445414e-11 
 2076       2.874048626046e-11 
 2077       2.864662156138e-11 
 2078       2.855155447881e-11 
 2079       2.845530923657e-11 
 2080       2.835791016053e-11 
 2081       2.825938167872e-11 
 2082       2.815974832147e-11 
 2083       2.805903472154e-11 
 2084       2.795726561421e-11 
 2085       2.785446583747e-11 
 2086       2.775066033208e-11 
 2087       2.764587414173e-11 
 2088       2.754013241319e-11 
 2089       2.743346039636e-11 
 2090       2.732588344447e-11 
 2091       2.721742701419e-11 
 2092       2.710811666571e-11 
 2093       2.699797806293e-11 
 2094       2.688703697354e-11 
 2095       2.677531926917e-11 
 2096       2.666285092551e-11 
 2097       2.654965802243e-11 
 2098       2.643576674411e-11 
 2099       2.632120337917e-11 
 2100       2.620599432078e-11 
 2101       2.609016606681e-11 
 2102       2.597374521995e-11 
 2103       2.585675848781e-11 
 2104       2.573923267290e-11 
 2105       2.562119464212e-11 
 2106       2.550267135729e-11 
 2107       2.538368988544e-11 
 2108       2.526427739895e-11 
 2109       2.514446117563e-11 
 2110       2.502426859893e-11 
 2111       2.490372715795e-11 
 2112       2.478286444769e-11 
 2113       2.466170816907e-11 
 2114       2.454028612912e-11 
 2115       2.441862624109e-11 
 2116       2.429675652456e-11 
 2117       2.417470510558e-11 
 2118       2.405250021679e-11 
 2119       2.393017019757e-11 
 2120       2.380774349411e-11 
 2121       2.368524865959e-11 
 2122       2.356271435430e-11 
 2123       2.344016934572e-11 
 2124       2.331764250869e-11 
 2125       2.319516282553e-11 
 2126       2.307275938615e-11 
 2127       2.295046138819e-11 
 2128       2.282829813712e-11 
 2129       2.270629904642e-11 
 2130       2.258449363764e-11 
 2131       2.246291154057e-11 
 2132       2.234158249335e-11 
 2133       2.222053634260e-11 
 2134       2.209980304354e-11 
 2135       2.197941266011e-11 
 2136       2.185939536512e-11 
 2137       2.173978144036e-11 
 2138       2.162060127672e-11 
 2139       2.150188537431e-11 
 2140       2.138366434263e-11 
 2141       2.126596890062e-11 
 2142       2.114882987687e-11 
 2143       2.103227566921e-11 
 2144       2.091632460454e-11 
 2145       2.080099252708e-11 
 2146       2.068629533417e-11 
 2147       2.057224897632e-11 
 2148       2.045886945730e-11 
 2149       2.034617283413e-11 
 2150       2.023417521722e-11 
 2151       2.012289277037e-11 
 2152       2.001234171086e-11 
 2153       1.990253830951e-11 
 2154       1.979349889072e-11 
 2155       1.968523983253e-11 
 2156       1.957777756670e-11 
 2157       1.947112857877e-11 
 2158       1.936530940808e-11 
 2159       1.926033664788e-11 
 2160       1.915622694535e-11 
 2161       1.905299700168e-11 
 2162       1.895066357214e-11 
 2163       1.884924346610e-11 
 2164       1.874875354713e-11 
 2165       1.864921073303e-11 
 2166       1.855063199590e-11 
 2167       1.845303436223e-11 
 2168       1.835643491288e-11 
 2169       1.826085078325e-11 
 2170       1.816629916322e-11 
 2171       1.807279729732e-11 
 2172       1.798036248469e-11 
 2173       1.788901207922e-11 
 2174       1.779876348957e-11 
 2175       1.770963417923e-11 
 2176       1.762164166658e-11 
 2177       1.753480352496e-11 
 2178       1.744913738273e-11 
 2179       1.736466092331e-11 
 2180       1.728139188526e-11 
 2181       1.719934806232e-11 
 2182       1.711854405738e-11 
 2183       1.703898152029e-11 
 2184       1.696065884467e-11 
 2185       1.688357440803e-11 
 2186       1.680772657176e-11 
 2187       1.673311368113e-11 
 2188       1.665973406522e-11 
 2189       1.658758603696e-11 
 2190       1.651666789305e-11 
 2191       1.644697791395e-11 
 2192       1.637851436389e-11 
 2193       1.631127549082e-11 
 2194       1.624525952638e-11 
 2195       1.618046468590e-11 
 2196       1.611688916837e-11 
 2197       1.605453115642e-11 
 2198       1.599338881627e-11 
 2199       1.593346029775e-11 
 2200       1.587474373426e-11 
 2201       1.581723724273e-11 
 2202       1.576093892362e-11 
 2203       1.570584686090e-11 
 2204       1.565195912200e-11 
 2205       1.559927375783e-11 
 2206       1.554778880270e-11 
 2207       1.549750227436e-11 
 2208       1.544841217394e-11 
 2209       1.540051648591e-11 
 2210       1.535381317813e-11 
 2211       1.530830020174e-11 
 2212       1.526397549120e-11 
 2213       1.522083696423e-11 
 2214       1.517888252183e-11 
 2215       1.513811004820e-11 
 2216       1.509851741076e-11 
 2217       1.506010246012e-11 
 2218       1.502286303005e-11 
 2219       1.498679693745e-11 
 2220       1.495190198237e-11 
 2221       1.491817386502e-11 
 2222       1.488559992210e-11 
 2223       1.485416534916e-11 
 2224       1.482385527969e-11 
 2225       1.479465478508e-11 
 2226       1.476654887447e-11 
 2227       1.473952249476e-11 
 2228       1.471356053047e-11 
 2229       1.468864780373e-11 
 2230       1.466476907414e-11 
 2231       1.464190903875e-11 
 2232       1.462005233196e-11 
 2233       1.459918352545e-11 
 2234       1.457928712813e-11 
 2235       1.456034758603e-11 
 2236       1.454234928224e-11 
 2237       1.452527653685e-11 
 2238       1.450911360687e-11 
 2239       1.449384468616e-11 
 2240       1.447945390534e-11 
 2241       1.446592533173e-11 
 2242       1.445324296929e-11 
 2243       1.444139075851e-11 
 2244       1.443035257638e-11 
 2245       1.442011223628e-11 
 2246       1.441065348793e-11 
 2247       1.440196001732e-11 
 2248       1.439401544662e-11 
 2249       1.438680333410e-11 
 2250       1.438030717410e-11 
 2251       1.437451039689e-11 
 2252       1.436939636867e-11 
 2253       1.436494839143e-11 
 2254       1.436114970294e-11 
 2255       1.435798347663e-11 
 2256       1.435543282152e-11 
 2257       1.435348078218e-11 
 2258       1.435211033861e-11 
 2259       1.435130440623e-11 
 2260       1.435104580099e-11 
 2261       1.435131713487e-11 
 2262       1.435210091960e-11 
 2263       1.435337960125e-11 
 2264       1.435513556018e-11 
 2265       1.435735111092e-11 
 2266       1.436000850218e-11 
 2267       1.436308991668e-11 
 2268       1.436657747115e-11 
 2269       1.437045321622e-11 
 2270       1.437469913633e-11 
 2271       1.437929714972e-11 
 2272       1.438422910829e-11 
 2273       1.438947679756e-11 
 2274       1.439502193658e-11 
 2275       1.440084617787e-11 
 2276       1.440693110733e-11 
 2277       1.441325824420e-11 
 2278       1.441980904093e-11 
 2279       1.442656488316e-11 
 2280       1.443350708963e-11 
 2281       1.444061691206e-11 
 2282       1.444787553517e-11 
 2283       1.445526407651e-11 
 2284       1.446276358645e-11 
 2285       1.447035504808e-11 
 2286       1.447801937713e-11 
 2287       1.448573742193e-11 
 2288       1.449348996328e-11 
 2289       1.450125771444e-11 
 2290       1.450902132100e-11 
 2291       1.451676136085e-11 
 2292       1.452445834407e-11 
 2293       1.453209271288e-11 
 2294       1.453964484157e-11 
 2295       1.454709503639e-11 
 2296       1.455442353553e-11 
 2297       1.456161050899e-11 
 2298       1.456863605854e-11 
 2299       1.457548184399e-11 
 2300       1.458213597332e-11 
 2301       1.458858814356e-11 
 2302       1.459482801719e-11 
 2303       1.460084522213e-11 
 2304       1.460662935173e-11 
 2305       1.461216996465e-11 
 2306       1.461745658491e-11 
 2307       1.462247870183e-11 
 2308       1.462722576995e-11 
 2309       1.463168720905e-11 
 2310       1.463585240407e-11 
 2311       1.463971070510e-11 
 2312       1.464325142734e-11 
 2313       1.464646385105e-11 
 2314       1.464933722152e-11 
 2315       1.465186074903e-11 
 2316       1.465402360882e-11 
 2317       1.465581494105e-11 
 2318       1.465722385075e-11 
 2319       1.465823940782e-11 
 2320       1.465885064695e-11 
 2321       1.465904656759e-11 
 2322       1.465881613394e-11 
 2323       1.465814827491e-11 
 2324       1.465703188402e-11 
 2325       1.465545581948e-11 
 2326       1.465340890402e-11 
 2327       1.465087992497e-11 
 2328       1.464785763414e-11 
 2329       1.464433074783e-11 
 2330       1.464028794677e-11 
 2331       1.463571787608e-11 
 2332       1.463060914527e-11 
 2333       1.462495032816e-11 
 2334       1.461872996286e-11 
 2335       1.461193655173e-11 
 2336       1.460455856135e-11 
 2337       1.459658442247e-11 
 2338       1.458800461894e-11 
 2339       1.457881796875e-11 
 2340       1.456902538227e-11 
 2341       1.455862777681e-11 
 2342       1.454762607670e-11 
 2343       1.453602121325e-11 
 2344       1.452381412480e-11 
 2345       1.451100575667e-11 
 2346       1.449759706123e-11 
 2347       1.448358899790e-11 
 2348       1.446898253309e-11 
 2349       1.445377864032e-11 
 2350       1.443797830013e-11 
 2351       1.442158250015e-11 
 2352       1.440459223507e-11 
 2353       1.438700850668e-11 
 2354       1.436883232386e-11 
 2355       1.435006470260e-11 
 2356       1.433070666600e-11 
 2357       1.431075924428e-11 
 2358       1.429022347478e-11 
 2359       1.426910040200e-11 
 2360       1.424739107758e-11 
 2361       1.422509656031e-11 
 2362       1.420221791615e-11 
 2363       1.417875621825e-11 
 2364       1.415471254691e-11 
 2365       1.413008798965e-11 
 2366       1.410488364118e-11 
 2367       1.407910060342e-11 
 2368       1.405273998551e-11 
 2369       1.402580290383e-11 
 2370       1.399829048197e-11 
 2371       1.397020385078e-11 
 2372       1.394154414837e-11 
 2373       1.391231252011e-11 
 2374       1.388251011862e-11 
 2375       1.385213810382e-11 
 2376       1.382119764292e-11 
 2377       1.378969124302e-11 
 2378       1.375762675778e-11 
 2379       1.372501340550e-11 
 2380       1.369186043870e-11 
 2381       1.365817714423e-11 
 2382       1.362397284330e-11 
 2383       1.358925689150e-11 
 2384       1.355403867882e-11 
 2385       1.351832762973e-11 
 2386       1.348213320319e-11 
 2387       1.344546489269e-11 
 2388       1.340833222630e-11 
 2389       1.337074476668e-11 
 2390       1.333271211116e-11 
 2391       1.329424389173e-11 
 2392       1.325534977510e-11 
 2393       1.321603946274e-11 
 2394       1.317632269092e-11 
 2395       1.313620923072e-11 
 2396       1.309570888812e-11 
 2397       1.305483150396e-11 
 2398       1.301358695406e-11 
 2399       1.297198514920e-11 
 2400       1.293003603517e-11 
 2401       1.288774959283e-11 
 2402       1.284513583812e-11 
 2403       1.280220482210e-11 
 2404       1.275896663099e-11 
 2405       1.271543138624e-11 
 2406       1.267160924451e-11 
 2407       1.262751039774e-11 
 2408       1.258314507319e-11 
 2409       1.253852353346e-11 
 2410       1.249365607654e-11 
 2411       1.244855303584e-11 
 2412       1.240322478025e-11 
 2413       1.235768171412e-11 
 2414       1.231193427737e-11 
 2415       1.226599294548e-11 
 2416       1.221986824160e-11 
 2417       1.217357077301e-11 
 2418       1.212711119493e-11 
 2419       1.208050019857e-11 
 2420       1.203374851112e-11 
 2421       1.198686689583e-11 
 2422       1.193986615198e-11 
 2423       1.189275711501e-11 
 2424       1.184555065647e-11 
 2425       1.179825768411e-11 
 2426       1.175088914190e-11 
 2427       1.170345601007e-11 
 2428       1.165596930515e-11 
 2429       1.160844007999e-11 
 2430       1.156087942383e-11 
 2431       1.151329846230e-11 
 2432       1.146570835749e-11 
 2433       1.141812030797e-11 
 2434       1.137054554882e-11 
 2435       1.132299535170e-11 
 2436       1.127548102485e-11 
 2437       1.122801391314e-11 
 2438       1.118060539811e-11 
 2439       1.113326689803e-11 
 2440       1.108600986788e-11 
 2441       1.103884579945e-11 
 2442       1.099178622134e-11 
 2443       1.094484269899e-11 
 2444       1.089802683476e-11 
 2445       1.085135026794e-11 
 2446       1.080482467476e-11 
 2447       1.075846176850e-11 
 2448       1.071227329943e-11 
 2449       1.066627105495e-11 
 2450       1.062046685956e-11 
 2451       1.057487257490e-11 
 2452       1.052950009982e-11 
 2453       1.048436137040e-11 
 2454       1.043946835999e-11 
 2455       1.039483203331e-11 
 2456       1.035045920195e-11 
 2457       1.030635565019e-11 
 2458       1.026252717927e-11 
 2459       1.021897960737e-11 
 2460       1.017571876964e-11 
 2461       1.013275051822e-11 
 2462       1.009008072226e-11 
 2463       1.004771526792e-11 
 2464       1.000566005841e-11 
 2465       9.963921013987e-12 
 2466       9.922504071971e-12 
 2467       9.881415186779e-12 
 2468       9.840660329928e-12 
 2469       9.800245490054e-12 
 2470       9.760176672931e-12 
 2471       9.720459901484e-12 
 2472       9.681101215808e-12 
 2473       9.642106673186e-12 
 2474       9.603482348099e-12 
 2475       9.565234332251e-12 
 2476       9.527368734579e-12 
 2477       9.489891681273e-12 
 2478       9.452809315793e-12 
 2479       9.416127798881e-12 
 2480       9.379853308582e-12 
 2481       9.343992040259e-12 
 2482       9.308550206611e-12 
 2483       9.273534037686e-12 
 2484       9.238949780902e-12 
 2485       9.204803701057e-12 
 2486       9.171102080355e-12 
 2487       9.137851218415e-12 
 2488       9.105057432287e-12 
 2489       9.072727056477e-12 
 2490       9.040866442953e-12 
 2491       9.009481961169e-12 
 2492       8.978579998077e-12 
 2493       8.948166958147e-12 
 2494       8.918247945181e-12 
 2495       8.888822799275e-12 
 2496       8.859890036622e-12 
 2497       8.831448165591e-12 
 2498       8.803495686719e-12 
 2499       8.776031092705e-12 
 2500       8.749052868393e-12 
 2501       8.722559490772e-12 
 2502       8.696549428960e-12 
 2503       8.671021144201e-12 
 2504       8.645973089852e-12 
 2505       8.621403711374e-12 
 2506       8.597311446328e-12 
 2507       8.573694724359e-12 
 2508       8.550551967194e-12 
 2509       8.527881588628e-12 
 2510       8.505681994516e-12 
 2511       8.483951582769e-12 
 2512       8.462688743336e-12 
 2513       8.441891858204e-12 
 2514       8.421559301385e-12 
 2515       8.401689438905e-12 
 2516       8.382280628801e-12 
 2517       8.363331221106e-12 
 2518       8.344839557845e-12 
 2519       8.326803973021e-12 
 2520       8.309222792613e-12 
 2521       8.292094334560e-12 
 2522       8.275416908756e-12 
 2523       8.259188817040e-12 
 2524       8.243408353189e-12 
 2525       8.228073802907e-12 
 2526       8.213183443814e-12 
 2527       8.198735545445e-12 
 2528       8.184728369230e-12 
 2529       8.171160168495e-12 
 2530       8.158029188448e-12 
 2531       8.145333666171e-12 
 2532       8.133071830611e-12 
 2533       8.121241092869e-12 
 2534       8.109835611974e-12 
 2535       8.098848715016e-12 
 2536       8.088273705552e-12 
 2537       8.078103863578e-12 
 2538       8.068332445510e-12 
 2539       8.058952684152e-12 
 2540       8.049957788681e-12 
 2541       8.041340944616e-12 
 2542       8.033095313798e-12 
 2543       8.025214034363e-12 
 2544       8.017690220720e-12 
 2545       8.010516963529e-12 
 2546       8.003687329670e-12 
 2547       7.997194362227e-12 
 2548       7.991031080459e-12 
 2549       7.985190479777e-12 
 2550       7.979665531721e-12 
 2551       7.974449183935e-12 
 2552       7.969534360143e-12 
 2553       7.964913960127e-12 
 2554       7.960580859698e-12 
 2555       7.956527910678e-12 
 2556       7.952747940871e-12 
 2557       7.949233754043e-12 
 2558       7.945978129894e-12 
 2559       7.942973824039e-12 
 2560       7.940213567977e-12 
 2561       7.937690069075e-12 
 2562       7.935396010536e-12 
 2563       7.933324051383e-12 
 2564       7.931466826427e-12 
 2565       7.929816946250e-12 
 2566       7.928366997176e-12 
 2567       7.927109541248e-12 
 2568       7.926037116208e-12 
 2569       7.925142235465e-12 
 2570       7.924417388081e-12 
 2571       7.923855038736e-12 
 2572       7.923447674292e-12 
 2573       7.923187943781e-12 
 2574       7.923068519162e-12 
 2575       7.923082048792e-12 
 2576       7.923221157403e-12 
 2577       7.923478446078e-12 
 2578       7.923846492228e-12 
 2579       7.924317849570e-12 
 2580       7.924885048103e-12 
 2581       7.925540594084e-12 
 2582       7.926276970007e-12 
 2583       7.927086634577e-12 
 2584       7.927962022688e-12 
 2585       7.928895545402e-12 
 2586       7.929879589923e-12 
 2587       7.930906519573e-12 
 2588       7.931968673772e-12 
 2589       7.933058368014e-12 
 2590       7.934167893842e-12 
 2591       7.935289518826e-12 
 2592       7.936415486539e-12 
 2593       7.937538016537e-12 
 2594       7.938649304331e-12 
 2595       7.939741521367e-12 
 2596       7.940806815001e-12 
 2597       7.941837308479e-12 
 2598       7.942825100910e-12 
 2599       7.943762267244e-12 
 2600       7.944640858250e-12 
 2601       7.945452900494e-12 
 2602       7.946190396309e-12 
 2603       7.946845323781e-12 
 2604       7.947409636720e-12 
 2605       7.947875264637e-12 
 2606       7.948234112725e-12 
 2607       7.948478061830e-12 
 2608       7.948598968432e-12 
 2609       7.948588664622e-12 
 2610       7.948438958074e-12 
 2611       7.948142364064e-12 
 2612       7.947694306039e-12 
 2613       7.947090927340e-12 
 2614       7.946328360278e-12 
 2615       7.945402726122e-12 
 2616       7.944310135091e-12 
 2617       7.943046686342e-12 
 2618       7.941608467959e-12 
 2619       7.939991556944e-12 
 2620       7.938192019207e-12 
 2621       7.936205909554e-12 
 2622       7.934029271679e-12 
 2623       7.931658138151e-12 
 2624       7.929088530407e-12 
 2625       7.926316458738e-12 
 2626       7.923337922282e-12 
 2627       7.920148909010e-12 
 2628       7.916745395721e-12 
 2629       7.913123348025e-12 
 2630       7.909278720341e-12 
 2631       7.905207455877e-12 
 2632       7.900905486627e-12 
 2633       7.896368733359e-12 
 2634       7.891593105604e-12 
 2635       7.886574501643e-12 
 2636       7.881308808503e-12 
 2637       7.875791901941e-12 
 2638       7.870019646437e-12 
 2639       7.863987895181e-12 
 2640       7.857692490067e-12 
 2641       7.851129261675e-12 
 2642       7.844294029272e-12 
 2643       7.837182600790e-12 
 2644       7.829790772823e-12 
 2645       7.822114330614e-12 
 2646       7.814149048048e-12 
 2647       7.805890687636e-12 
 2648       7.797335000508e-12 
 2649       7.788477726403e-12 
 2650       7.779315481843e-12 
 2651       7.769848430028e-12 
 2652       7.760077625673e-12 
 2653       7.750004128172e-12 
 2654       7.739629001596e-12 
 2655       7.728953314706e-12 
 2656       7.717978140950e-12 
 2657       7.706704558475e-12 
 2658       7.695133650127e-12 
 2659       7.683266503459e-12 
 2660       7.671104210731e-12 
 2661       7.658647868922e-12 
 2662       7.645898579728e-12 
 2663       7.632857449573e-12 
 2664       7.619525589608e-12 
 2665       7.605904115720e-12 
 2666       7.591994148536e-12 
 2667       7.577796813426e-12 
 2668       7.563313240509e-12 
 2669       7.548544564661e-12 
 2670       7.533491925514e-12 
 2671       7.518156467465e-12 
 2672       7.502539339680e-12 
 2673       7.486641696097e-12 
 2674       7.470464695434e-12 
 2675       7.454009501193e-12 
 2676       7.437277281661e-12 
 2677       7.420269209922e-12 
 2678       7.402986463854e-12 
 2679       7.385430226142e-12 
 2680       7.367601684274e-12 
 2681       7.349502030554e-12 
 2682       7.331132462102e-12 
 2683       7.312494180860e-12 
 2684       7.293588393597e-12 
 2685       7.274416311915e-12 
 2686       7.254979152252e-12 
 2687       7.235278135888e-12 
 2688       7.215314488949e-12 
 2689       7.195089990511e-12 
 2690       7.174608620164e-12 
 2691       7.153874919432e-12 
 2692       7.132893444499e-12 
 2693       7.111668766227e-12 
 2694       7.090205470168e-12 
 2695       7.068508156578e-12 
 2696       7.046581440433e-12 
 2697       7.024429951440e-12 
 2698       7.002058334052e-12 
 2699       6.979471247483e-12 
 2700       6.956673365722e-12 
 2701       6.933669377543e-12 
 2702       6.910463986527e-12 
 2703       6.887061911066e-12 
 2704       6.863467884385e-12 
 2705       6.839686654554e-12 
 2706       6.815722984497e-12 
 2707       6.791581652014e-12 
 2708       6.767267449788e-12 
 2709       6.742785185403e-12 
 2710       6.718139681357e-12 
 2711       6.693335775076e-12 
 2712       6.668378318926e-12 
 2713       6.643272180230e-12 
 2714       6.618022241281e-12 
 2715       6.592633399355e-12 
 2716       6.567110566724e-12 
 2717       6.541458670674e-12 
 2718       6.515682653514e-12 
 2719       6.489787472596e-12 
 2720       6.463778100321e-12 
 2721       6.437659524160e-12 
 2722       6.411436746665e-12 
 2723       6.385114785482e-12 
 2724       6.358698673368e-12 
 2725       6.332193458201e-12 
 2726       6.305604202997e-12 
 2727       6.278935985924e-12 
 2728       6.252193878468e-12 
 2729       6.225382879783e-12 
 2730       6.198507982020e-12 
 2731       6.171574192147e-12 
 2732       6.144586531973e-12 
 2733       6.117550038153e-12 
 2734       6.090469762206e-12 
 2735       6.063350770526e-12 
 2736       6.036198144399e-12 
 2737       6.009016980013e-12 
 2738       5.981812388474e-12 
 2739       5.954589495820e-12 
 2740       5.927353443030e-12 
 2741       5.900109386045e-12 
 2742       5.872862495775e-12 
 2743       5.845617958116e-12 
 2744       5.818380973962e-12 
 2745       5.791156759222e-12 
 2746       5.763950544829e-12 
 2747       5.736767576755e-12 
 2748       5.709613116028e-12 
 2749       5.682492438739e-12 
 2750       5.655410836064e-12 
 2751       5.628373614269e-12 
 2752       5.601386094730e-12 
 2753       5.574453613944e-12 
 2754       5.547581523543e-12 
 2755       5.520775190306e-12 
 2756       5.494039996176e-12 
 2757       5.467381338270e-12 
 2758       5.440804628896e-12 
 2759       5.414315295564e-12 
 2760       5.387918781001e-12 
 2761       5.361620543163e-12 
 2762       5.335426055252e-12 
 2763       5.309340805724e-12 
 2764       5.283370298308e-12 
 2765       5.257520052019e-12 
 2766       5.231795601167e-12 
 2767       5.206202023497e-12 
 2768       5.180742521836e-12 
 2769       5.155419834964e-12 
 2770       5.130236708819e-12 
 2771       5.105195896498e-12 
 2772       5.080300158271e-12 
 2773       5.055552261580e-12 
 2774       5.030954981050e-12 
 2775       5.006511098492e-12 
 2776       4.982223402913e-12 
 2777       4.958094690517e-12 
 2778       4.934127764715e-12 
 2779       4.910325436133e-12 
 2780       4.886690522610e-12 
 2781       4.863225849216e-12 
 2782       4.839934248247e-12 
 2783       4.816818559238e-12 
 2784       4.793881628969e-12 
 2785       4.771126311466e-12 
 2786       4.748555468014e-12 
 2787       4.726171967157e-12 
 2788       4.703978684711e-12 
 2789       4.681978503763e-12 
 2790       4.660174314682e-12 
 2791       4.638569015124e-12 
 2792       4.617165510038e-12 
 2793       4.595966711671e-12 
 2794       4.574975539578e-12 
 2795       4.554194920622e-12 
 2796       4.533627788988e-12 
 2797       4.513277086183e-12 
 2798       4.493145761043e-12 
 2799       4.473236769743e-12 
 2800       4.453553075800e-12 
 2801       4.434097650078e-12 
 2802       4.414873470800e-12 
 2803       4.395883523547e-12 
 2804       4.377130801269e-12 
 2805       4.358618304289e-12 
 2806       4.340348456623e-12 
 2807       4.322321351591e-12 
 2808       4.304536497062e-12 
 2809       4.286993398306e-12 
 2810       4.269691557992e-12 
 2811       4.252630476183e-12 
 2812       4.235809650339e-12 
 2813       4.219228575309e-12 
 2814       4.202886743329e-12 
 2815       4.186783644023e-12 
 2816       4.170918764395e-12 
 2817       4.155291588831e-12 
 2818       4.139901599094e-12 
 2819       4.124748274320e-12 
 2820       4.109831091020e-12 
 2821       4.095149523072e-12 
 2822       4.080703041720e-12 
 2823       4.066491115576e-12 
 2824       4.052513210609e-12 
 2825       4.038768790147e-12 
 2826       4.025257314878e-12 
 2827       4.011978242837e-12 
 2828       3.998931029416e-12 
 2829       3.986115127349e-12 
 2830       3.973529986720e-12 
 2831       3.961175054952e-12 
 2832       3.949049776810e-12 
 2833       3.937153594395e-12 
 2834       3.925485947143e-12 
 2835       3.914046271822e-12 
 2836       3.902834002528e-12 
 2837       3.891848570685e-12 
 2838       3.881089405039e-12 
 2839       3.870555931658e-12 
 2840       3.860247573929e-12 
 2841       3.850163752554e-12 
 2842       3.840303885547e-12 
 2843       3.830667388234e-12 
 2844       3.821253673248e-12 
 2845       3.812061780918e-12 
 2846       3.803089268358e-12 
 2847       3.794333314654e-12 
 2848       3.785791089945e-12 
 2849       3.777459755416e-12 
 2850       3.769336463289e-12 
 2851       3.761418356813e-12 
 2852       3.753702570259e-12 
 2853       3.746186228911e-12 
 2854       3.738866449057e-12 
 2855       3.731740337981e-12 
 2856       3.724804993954e-12 
 2857       3.718057506230e-12 
 2858       3.711494955031e-12 
 2859       3.705114411544e-12 
 2860       3.698912937913e-12 
 2861       3.692887587228e-12 
 2862       3.687035403516e-12 
 2863       3.681353421739e-12 
 2864       3.675838667778e-12 
 2865       3.670488158431e-12 
 2866       3.665298901402e-12 
 2867       3.660267895293e-12 
 2868       3.655392129596e-12 
 2869       3.650668584684e-12 
 2870       3.646094231807e-12 
 2871       3.641666033077e-12 
 2872       3.637380941466e-12 
 2873       3.633235900794e-12 
 2874       3.629227845722e-12 
 2875       3.625353701745e-12 
 2876       3.621610385183e-12 
 2877       3.617994803171e-12 
 2878       3.614503853655e-12 
 2879       3.611134425380e-12 
 2880       3.607883397882e-12 
 2881       3.604747641483e-12 
 2882       3.601724017281e-12 
 2883       3.598809377140e-12 
 2884       3.596000563825e-12 
 2885       3.593294411413e-12 
 2886       3.590687744867e-12 
 2887       3.588177379887e-12 
 2888       3.585760122902e-12 
 2889       3.583432771062e-12 
 2890       3.581192112231e-12 
 2891       3.579034924978e-12 
 2892       3.576957978566e-12 
 2893       3.574958032950e-12 
 2894       3.573031838764e-12 
 2895       3.571176137312e-12 
 2896       3.569387660566e-12 
 2897       3.567663131151e-12 
 2898       3.565999262340e-12 
 2899       3.564392758046e-12 
 2900       3.562840312814e-12 
 2901       3.561338611813e-12 
 2902       3.559884330823e-12 
 2903       3.558474136236e-12 
 2904       3.557104685039e-12 
 2905       3.555772624812e-12 
 2906       3.554474593717e-12 
 2907       3.553207220488e-12 
 2908       3.551967124429e-12 
 2909       3.550750915399e-12 
 2910       3.549555193808e-12 
 2911       3.548376550607e-12 
 2912       3.547211567282e-12 
 2913       3.546056815842e-12 
 2914       3.544908858816e-12 
 2915       3.543764249239e-12 
 2916       3.542619530649e-12 
 2917       3.541471237077e-12 
 2918       3.540315893038e-12 
 2919       3.539150013521e-12 
 2920       3.537970103987e-12 
 2921       3.536772660356e-12 
 2922       3.535554168998e-12 
 2923       3.534311377705e-12 
 2924       3.533042110091e-12 
 2925       3.531744455254e-12 
 2926       3.530416497166e-12 
 2927       3.529056314671e-12 
 2928       3.527661981476e-12 
 2929       3.526231566151e-12 
 2930       3.524763132124e-12 
 2931       3.523254737673e-12 
 2932       3.521704435927e-12 
 2933       3.520110274858e-12 
 2934       3.518470297278e-12 
 2935       3.516782540832e-12 
 2936       3.515045038000e-12 
 2937       3.513255816084e-12 
 2938       3.511412897213e-12 
 2939       3.509514298331e-12 
 2940       3.507558031195e-12 
 2941       3.505542102373e-12 
 2942       3.503464513237e-12 
 2943       3.501323259959e-12 
 2944       3.499116333508e-12 
 2945       3.496841719644e-12 
 2946       3.494497398916e-12 
 2947       3.492081346654e-12 
 2948       3.489591532967e-12 
 2949       3.487025922741e-12 
 2950       3.484382475627e-12 
 2951       3.481659146047e-12 
 2952       3.478853883181e-12 
 2953       3.475964630967e-12 
 2954       3.472989328095e-12 
 2955       3.469925908004e-12 
 2956       3.466772298877e-12 
 2957       3.463526423635e-12 
 2958       3.460186199937e-12 
 2959       3.456749540169e-12 
 2960       3.453214351447e-12 
 2961       3.449578535607e-12 
 2962       3.445840413649e-12 
 2963       3.442000001354e-12 
 2964       3.438057739967e-12 
 2965       3.434014072322e-12 
 2966       3.429869442847e-12 
 2967       3.425624297563e-12 
 2968       3.421279084086e-12 
 2969       3.416834251630e-12 
 2970       3.412290251008e-12 
 2971       3.407647534630e-12 
 2972       3.402906556510e-12 
 2973       3.398067772263e-12 
 2974       3.393131639110e-12 
 2975       3.388098615874e-12 
 2976       3.382969162989e-12 
 2977       3.377743742496e-12 
 2978       3.372422818046e-12 
 2979       3.367006854899e-12 
 2980       3.361496319932e-12 
 2981       3.355891681634e-12 
 2982       3.350193410110e-12 
 2983       3.344401977082e-12 
 2984       3.338517855890e-12 
 2985       3.332541521496e-12 
 2986       3.326473450483e-12 
 2987       3.320314121055e-12 
 2988       3.314064013043e-12 
 2989       3.307723607902e-12 
 2990       3.301293388716e-12 
 2991       3.294773840197e-12 
 2992       3.288165448686e-12 
 2993       3.281468702158e-12 
 2994       3.274684090220e-12 
 2995       3.267812104113e-12 
 2996       3.260853236715e-12 
 2997       3.253807982542e-12 
 2998       3.246676837747e-12 
 2999       3.239460300125e-12 
 3000       3.232158869112e-12 
