# ACT DR4 Residual Analysis vs Planck 2018 ΛCDM
# Pure data-driven analysis - no assumed templates

# Summary statistics:
chi2_deep: 60.46
chi2_wide: 44.78
dof: 40
mean_residual_deep_sigma: -2.42
mean_residual_wide_sigma: -2.25
fft_zscore: 13.74
localized_max_zscore: 3.45
deep_wide_correlation: 0.850
correlation_zscore: 5.44

# Per-bin data (ell, data_deep, model_deep, residual, sigma):
600.5 0.04356246 0.03924188 0.00432058 0.00309739
650.5 0.02902848 0.02768789 0.00134060 0.00211376
700.5 0.02358085 0.02379849 -0.00021764 0.00184914
750.5 0.02645377 0.02476061 0.00169316 0.00171633
800.5 0.02555434 0.02484491 0.00070944 0.00160004
850.5 0.02062493 0.02112371 -0.00049879 0.00129242
900.5 0.01561550 0.01495524 0.00066026 0.00093762
950.5 0.00942522 0.00948740 -0.00006218 0.00060333
1000.5 0.00567841 0.00667222 -0.00099382 0.00041979
1050.5 0.00616680 0.00615918 0.00000762 0.00036848
1100.5 0.00655000 0.00629837 0.00025163 0.00035445
1150.5 0.00583821 0.00582305 0.00001516 0.00031595
1200.5 0.00403976 0.00463225 -0.00059249 0.00025235
1250.5 0.00348390 0.00339490 0.00008900 0.00018872
1300.5 0.00257436 0.00269812 -0.00012376 0.00014281
1350.5 0.00273360 0.00256281 0.00017079 0.00013657
1400.5 0.00274278 0.00258934 0.00015344 0.00013509
1450.5 0.00229689 0.00240416 -0.00010728 0.00011726
1500.5 0.00200906 0.00194663 0.00006243 0.00009330
1550.5 0.00122359 0.00142002 -0.00019642 0.00007101
1600.5 0.00117869 0.00104727 0.00013142 0.00005262
1650.5 0.00093392 0.00089079 0.00004313 0.00004518
1700.5 0.00082243 0.00085491 -0.00003249 0.00004194
1750.5 0.00080992 0.00080951 0.00000041 0.00003817
1800.5 0.00074309 0.00069901 0.00004408 0.00003243
1850.5 0.00054338 0.00055607 -0.00001269 0.00002649
1900.5 0.00046165 0.00044184 0.00001981 0.00002117
1950.5 0.00042958 0.00038350 0.00004608 0.00001827
2000.5 0.00035737 0.00036409 -0.00000673 0.00001644
2075.5 0.00033603 0.00032008 0.00001596 0.00000963
2175.5 0.00020620 0.00021253 -0.00000633 0.00000705
2275.5 0.00014589 0.00014384 0.00000204 0.00000478
2375.5 0.00012056 0.00011967 0.00000088 0.00000400
2475.5 0.00009366 0.00008787 0.00000579 0.00000327
2625.5 0.00005784 0.00005738 0.00000046 0.00000166
2825.5 0.00003205 0.00003196 0.00000009 0.00000121
3025.5 0.00001730 0.00001803 -0.00000072 0.00000091
3325.5 0.00000759 0.00000810 -0.00000051 0.00000052
3725.5 0.00000198 0.00000267 -0.00000069 0.00000040
4125.5 0.00000040 0.00000098 -0.00000058 0.00000033
