# Proper PTE Simulation Results
# Method: Analytical ΛCDM + ACT noise Monte Carlo
# N_sims = 10000
# Runtime = 1.1 seconds
#
mean_A_sh = -0.002385
std_A_sh = 0.151967
fisher_sigma = 0.150797
max_abs_A_sh = 0.655565
observed_A_sh = 1.5400
z_score = 10.15
n_exceed = 0
pte_empirical = 5.00e-05
pte_gaussian = 0.00e+00
#
# All 10000 simulation values:
-0.251371
0.159946
0.202133
0.069768
-0.019882
0.180224
0.061723
0.069077
0.085291
-0.049914
0.120268
-0.270709
0.085939
0.213574
0.052348
-0.084083
0.156060
0.064466
-0.113315
-0.303486
-0.150921
-0.121541
-0.243033
-0.093441
-0.011275
-0.049748
-0.060375
0.160957
-0.143969
-0.019882
0.017793
-0.141822
-0.040565
0.079834
0.324887
0.076577
0.050119
-0.226839
-0.203363
-0.043261
-0.138593
0.107958
-0.259825
-0.050535
0.163074
0.107163
0.132258
-0.142763
0.124525
-0.160017
-0.175045
0.065946
0.054292
-0.211814
0.028113
-0.095957
0.074924
-0.162110
0.114154
-0.153864
0.041226
-0.100735
-0.058024
0.041799
0.005678
-0.192577
0.184431
-0.080516
-0.217455
-0.029453
-0.035798
0.065740
0.153951
-0.152124
-0.067777
0.022710
-0.126442
0.270530
0.015954
0.107516
0.229227
-0.046035
0.230768
-0.025451
-0.075084
-0.146639
0.073526
-0.048708
-0.045619
-0.087174
0.316431
-0.116911
-0.118208
0.086630
-0.193838
0.088280
-0.060083
-0.078053
0.112066
0.238014
0.180971
-0.044565
-0.062050
0.039344
-0.059932
0.126845
0.010282
-0.000631
0.016474
-0.024669
-0.152557
0.211637
0.190322
0.055269
0.134804
-0.150206
0.152203
-0.164984
-0.044391
-0.096448
0.121901
-0.110029
-0.165185
-0.106885
-0.244541
-0.020697
-0.026880
-0.218476
0.052768
0.035970
-0.113213
-0.058246
-0.062311
-0.024365
0.001412
-0.029984
0.012834
0.084877
0.134664
-0.394887
0.079039
0.070011
0.171382
-0.162606
0.116891
-0.110389
-0.069896
0.291074
-0.115124
0.054277
-0.045536
0.077673
-0.194237
-0.426833
-0.010625
-0.034525
0.124464
0.094494
0.098829
0.148985
-0.229503
0.116806
-0.071160
-0.038218
0.191440
0.199363
0.049532
-0.111184
-0.111434
-0.018631
-0.181986
0.097114
0.097623
0.077256
0.280363
0.260532
0.126090
0.124487
0.043538
0.002585
-0.003345
0.125559
-0.315946
-0.274119
-0.053402
0.034454
0.214735
-0.060277
-0.088545
-0.120409
0.039083
0.155255
0.037314
-0.105230
0.005507
-0.208525
0.109736
0.135018
-0.212899
-0.182696
0.088415
-0.115940
0.002108
-0.220976
0.066140
-0.119622
0.038340
0.114410
-0.040161
0.070750
0.045461
0.149739
0.191225
-0.075075
-0.122394
0.073043
-0.084650
-0.022118
-0.121944
-0.025291
-0.233490
0.054432
0.046852
-0.082649
0.033644
-0.014996
-0.272714
-0.085659
0.111736
0.125383
0.085984
-0.029116
-0.181008
-0.164089
0.016223
-0.139063
-0.091608
0.169703
0.090505
-0.024573
0.173759
-0.112581
0.097004
-0.194348
-0.067447
-0.105842
0.013901
0.281551
-0.029364
-0.177847
-0.161344
0.041791
0.286125
-0.179724
0.018675
-0.144050
-0.194076
0.075587
0.044193
0.129818
-0.126687
0.035779
-0.129382
-0.034368
-0.124056
-0.099679
-0.030364
0.190910
-0.048073
0.034541
-0.300498
0.093763
-0.015945
-0.292710
-0.373968
-0.215523
0.079460
-0.031421
-0.018050
-0.105144
-0.112094
0.149892
-0.111948
-0.091231
0.010678
-0.359979
-0.106213
-0.011105
0.026960
0.044566
0.029774
0.080019
-0.039804
-0.064198
0.222822
0.052288
-0.070699
0.132806
0.133321
-0.199770
0.133814
0.026211
-0.100117
-0.058991
0.011037
0.177875
-0.077194
0.035655
-0.204963
0.053113
-0.125952
0.030453
-0.174215
-0.111553
-0.010579
0.187307
0.042778
0.005072
0.040934
-0.342516
0.213752
0.219541
0.081175
0.057551
-0.149515
0.401287
0.092253
-0.109403
-0.031561
0.014398
-0.098915
0.159814
0.034371
0.099237
-0.122987
-0.062129
-0.100487
-0.041633
0.017226
0.195173
-0.062641
0.122128
-0.010384
0.190947
0.016224
0.121042
-0.054317
-0.186243
0.021633
0.090810
0.034131
-0.025281
-0.037790
0.028515
0.012890
0.009542
-0.050722
-0.008004
-0.156960
-0.013774
-0.129874
0.250458
0.014517
-0.039179
-0.223067
-0.074704
0.114800
0.004930
-0.061544
-0.079418
-0.160305
0.071326
-0.161517
-0.057476
0.266678
0.173388
0.153761
0.085441
-0.138792
0.256147
-0.052816
0.003027
0.010239
-0.321384
-0.073399
-0.252176
0.043804
0.081083
0.024353
0.276666
0.045118
-0.062040
0.003416
0.236856
0.056918
0.298951
0.170716
0.195578
-0.072377
0.165708
-0.025485
0.190945
0.009224
0.188625
0.069399
0.092728
-0.064810
-0.087020
0.042979
0.126499
0.055311
-0.132920
-0.078208
0.193546
-0.143916
-0.098042
0.241034
-0.101405
0.027534
0.094899
0.084309
-0.018568
-0.098229
0.034820
-0.256985
-0.053981
0.312080
0.015492
0.172992
0.061510
0.125715
-0.094069
-0.037415
-0.196849
0.164572
0.108440
-0.024040
0.139143
0.061840
0.041253
0.094629
-0.019169
0.093098
0.060118
0.105170
0.138223
-0.010779
-0.151768
-0.040168
-0.149561
0.041687
0.173117
-0.043607
-0.082404
-0.164456
0.141270
-0.097773
0.027811
0.098493
0.389027
-0.035677
-0.103118
0.065792
-0.173942
-0.229614
0.095854
-0.277990
0.105151
0.115807
-0.209853
-0.326470
-0.188707
-0.139140
0.149408
-0.068961
0.102948
0.034222
-0.166032
0.049119
0.337899
-0.111539
0.047683
-0.197453
0.251948
-0.100757
0.035903
0.167194
-0.020661
0.048451
-0.031127
-0.062753
0.183829
-0.082016
-0.155211
0.159622
-0.210596
0.099096
-0.044065
0.151797
0.069787
-0.107201
0.208977
-0.246690
-0.081103
0.016500
-0.091207
-0.138874
-0.191590
-0.365583
-0.036664
-0.069272
0.069800
-0.013861
0.069931
-0.104789
0.147600
-0.074600
0.162768
0.129024
0.022443
-0.021805
0.038883
-0.014004
-0.174338
0.177183
-0.287286
-0.148372
-0.075883
-0.222785
-0.432613
-0.046897
-0.068148
0.039547
0.282993
-0.140727
0.076711
0.114676
0.206937
0.003167
-0.132660
0.122635
-0.077324
-0.022599
0.179247
-0.049843
-0.418862
0.126727
0.264579
-0.211884
0.086696
-0.048462
0.245721
0.008037
0.029931
-0.027660
0.093599
0.013372
0.109046
-0.042343
-0.018731
0.038250
0.018238
-0.046973
-0.097840
-0.411409
0.198196
0.124103
-0.037837
-0.087808
0.116407
0.175324
-0.034056
-0.031814
-0.237439
0.013043
0.218662
-0.090874
-0.327759
0.169975
-0.225164
-0.146108
0.229111
-0.098158
0.386207
0.097503
0.133501
-0.180269
-0.346222
0.246327
0.051649
-0.370298
-0.078624
0.124487
0.299118
-0.208911
-0.057664
0.249870
0.230708
0.064195
0.104165
0.099872
0.039324
0.202790
0.101661
0.005287
-0.167277
0.027881
0.190779
-0.150511
-0.300706
0.016774
0.179066
-0.076476
0.095909
0.187927
-0.012319
-0.036640
0.125118
-0.052576
0.126459
0.241186
0.051693
-0.017860
0.219641
0.050072
0.137326
0.134197
0.062139
0.041202
0.090989
-0.083037
-0.001210
0.133065
0.025401
-0.268898
0.129813
0.287385
-0.128978
0.017193
-0.048238
-0.062962
-0.160380
0.270417
0.129168
0.355956
-0.180779
0.102720
-0.118934
-0.107243
0.056618
0.147789
0.250165
-0.061908
0.011481
0.042099
0.355546
-0.105657
0.152373
-0.087026
-0.031231
-0.035938
0.219101
0.357853
-0.037884
0.033692
-0.048603
-0.161258
-0.012658
0.058957
-0.171209
-0.133994
0.051601
0.134297
0.134186
0.016540
-0.052822
-0.306983
0.058073
-0.045007
0.131383
0.057266
0.075503
0.116222
0.154216
-0.046323
-0.215720
-0.120732
0.187824
-0.076832
0.094779
-0.084786
-0.191636
-0.188771
-0.136950
0.104485
-0.021516
-0.014301
0.094360
-0.240353
-0.048615
0.203896
0.217961
-0.266553
-0.123492
-0.183604
0.049227
0.075150
-0.148509
0.018158
0.032770
0.050670
0.341854
-0.126230
-0.072263
-0.015784
0.217220
0.275694
-0.238207
-0.029469
-0.084171
0.236216
-0.215703
-0.140282
-0.046738
0.268019
0.124086
-0.015634
-0.076074
0.217055
-0.053287
-0.095028
0.221465
-0.030584
-0.177194
0.132566
0.146901
-0.042944
-0.038582
0.007089
-0.120429
-0.024897
-0.186262
-0.243896
-0.074972
-0.100975
0.100963
-0.082507
-0.327873
0.136451
-0.272853
-0.108856
-0.180854
0.043954
0.061714
-0.127656
0.144389
-0.210167
0.266219
0.215684
-0.099927
0.098940
0.229260
0.194450
-0.256071
-0.086562
0.254400
-0.059616
0.015486
-0.233705
-0.008450
0.220435
-0.029367
-0.008110
-0.112562
0.006990
0.242973
0.119654
0.185628
0.213488
-0.225486
-0.190545
0.091967
-0.091856
-0.127721
-0.047376
-0.212424
0.078859
-0.117807
0.182923
-0.280390
-0.016301
-0.376412
-0.012747
-0.017478
-0.095713
0.005768
0.017109
0.221376
-0.085886
0.161891
0.031100
0.362439
-0.063166
-0.039347
-0.134572
-0.014058
0.084226
0.102109
0.060200
0.168052
0.005457
-0.134888
0.059582
-0.303899
0.167626
-0.283543
0.322577
0.158205
-0.168419
0.070488
0.060047
0.090561
0.097541
-0.019896
-0.013348
-0.070966
-0.108785
0.227413
-0.075464
-0.098814
-0.101822
0.014529
0.031389
0.272571
-0.085190
-0.271622
-0.080414
-0.000141
0.222416
-0.039623
-0.085284
0.142092
-0.177181
0.083487
0.136427
-0.000202
0.043620
0.105181
-0.020005
0.009117
0.119531
-0.067795
0.084064
0.037011
0.171459
-0.145569
0.257132
-0.023529
0.069125
0.112310
0.038861
-0.115598
0.264650
0.134369
-0.215406
0.019391
-0.106359
0.164163
0.126147
0.171850
-0.191875
-0.091570
0.000620
0.025827
0.255394
-0.137849
-0.047486
0.087951
0.122455
-0.016773
0.252387
0.010214
0.046354
0.024113
-0.007368
-0.069182
0.346617
0.120588
0.165517
0.197898
0.068319
-0.253773
-0.021442
-0.015787
0.143319
0.063698
-0.084734
0.064100
0.040240
-0.067224
-0.167414
0.023578
-0.285971
0.139152
-0.024598
-0.098228
-0.096506
0.165015
0.132870
0.046549
0.060442
0.269695
0.291201
-0.075576
-0.101147
0.035223
-0.069916
0.147353
-0.043249
-0.079259
-0.045748
-0.078432
0.098541
-0.094733
-0.049319
-0.085174
-0.037057
-0.011481
-0.057421
0.016733
-0.098569
0.120361
0.060646
-0.163384
-0.254787
-0.046537
-0.114225
0.444665
-0.185761
-0.072765
0.097438
0.228470
-0.395771
0.264145
-0.037465
-0.284813
0.238063
-0.057811
0.094766
0.065402
0.018420
0.084572
0.121417
-0.108871
-0.172984
0.056181
0.176690
-0.034697
0.184005
0.303623
-0.038993
0.196858
0.303285
-0.313971
-0.009316
0.090345
-0.145324
0.116034
0.063712
0.140747
0.011529
0.044990
-0.110612
0.334801
0.023322
-0.238484
0.006190
0.172712
-0.062801
-0.179194
0.239278
-0.084595
-0.173465
0.032443
0.037393
0.200386
0.208687
-0.118689
-0.024832
0.107627
0.003727
-0.287950
0.103439
0.007443
0.224978
-0.126399
0.190254
-0.008864
0.021700
-0.212114
-0.176255
0.095897
0.152413
-0.062428
-0.043156
0.369185
-0.049590
-0.129359
0.147582
-0.156627
-0.011095
-0.144029
0.054689
0.010934
0.142176
-0.058508
-0.078250
0.080203
-0.064783
-0.182365
-0.239889
-0.148231
-0.088641
0.088673
-0.130110
0.067479
0.014266
-0.058974
-0.331642
-0.191264
-0.142154
-0.039490
-0.058150
-0.101889
-0.170076
-0.085249
-0.144543
-0.015609
-0.034005
0.179348
0.188075
0.081008
0.086790
-0.206038
0.303063
0.061107
0.014936
0.233283
-0.010167
-0.014686
0.241275
0.212751
0.024903
-0.087987
-0.066312
-0.266639
-0.003896
0.019610
0.085662
-0.120393
0.207234
-0.182968
0.067801
-0.021405
-0.037493
-0.012467
-0.044188
-0.066863
-0.087453
-0.256429
-0.040687
0.110657
0.122884
0.399273
0.038114
-0.349229
0.152960
0.061271
-0.064760
0.041167
0.207364
0.112962
0.080656
-0.088152
0.030680
0.206795
-0.236620
-0.039535
0.008858
-0.190025
0.116932
-0.085702
0.012940
0.094103
0.031028
0.106149
0.040084
-0.234085
0.165834
0.061991
-0.072383
-0.147730
-0.101494
-0.030258
0.080641
0.205181
0.039872
-0.110426
-0.066478
-0.067694
0.077088
-0.018391
-0.084154
-0.198328
0.272444
-0.096472
-0.146920
-0.192648
0.228626
-0.046718
0.207462
-0.073090
0.194542
0.062099
0.255298
-0.074554
-0.080870
0.083663
0.196278
0.047668
0.093297
-0.011961
-0.193220
0.326467
-0.280382
0.401426
-0.001266
-0.180919
-0.089772
-0.178248
0.113844
-0.111768
-0.090233
-0.022949
-0.085903
0.318877
-0.128528
-0.049686
0.013504
-0.082561
0.130869
0.176798
0.059573
0.007859
0.081437
0.051072
0.185590
-0.046241
-0.080433
0.098543
-0.100791
0.055316
0.115542
0.301682
0.044262
-0.162492
0.049522
0.009713
0.077817
0.079325
0.025071
0.172030
0.153374
0.123753
0.041834
0.150191
-0.068387
0.192871
0.035653
-0.095920
-0.025940
0.129297
0.159723
-0.068728
0.279645
-0.109349
-0.079019
-0.287645
-0.039322
0.120251
0.133958
0.148738
-0.124549
-0.196269
-0.425042
-0.060750
0.014399
-0.197626
-0.366610
-0.236660
-0.334903
0.031629
-0.236747
0.077528
-0.042492
0.120325
-0.015117
0.095338
-0.122849
-0.016393
0.334512
0.159266
0.186460
-0.024408
0.225640
-0.310718
0.114199
0.112306
0.233144
-0.083572
-0.013799
-0.233665
-0.109904
0.084775
0.018342
0.095860
0.034346
-0.242088
-0.176671
-0.078719
0.166820
0.132322
0.039416
-0.218164
0.017137
-0.112501
0.231604
-0.124518
0.257715
-0.056648
-0.071926
-0.097498
-0.019695
0.039795
-0.036189
-0.441595
0.201655
0.143473
-0.147350
-0.066252
0.022349
-0.004914
-0.243429
0.120425
-0.055445
0.097775
0.058225
0.049377
-0.109718
0.068968
-0.049224
0.183228
0.229320
-0.119759
0.093986
-0.030453
-0.045239
0.094489
-0.158577
0.009878
-0.037374
0.103320
0.040894
0.045759
-0.160367
-0.095651
-0.024104
-0.000984
-0.125080
-0.138482
-0.060868
0.029643
-0.108292
-0.148211
-0.185556
0.041900
-0.132584
0.197822
0.149457
-0.084877
-0.381781
-0.213133
-0.111348
-0.063535
0.025808
-0.009281
-0.226269
-0.173480
-0.120474
-0.202672
-0.325565
-0.117021
-0.140696
0.108591
-0.014237
0.048281
-0.197882
-0.141925
0.078493
-0.253487
-0.030897
-0.206234
0.043097
0.036613
-0.184140
-0.164994
0.233111
-0.064946
-0.090493
0.037912
-0.106860
-0.049540
-0.126967
0.014362
0.319111
0.059336
0.078568
0.157660
0.040524
0.216647
-0.107051
-0.082573
0.236262
0.021590
-0.154689
0.006086
0.105042
-0.077896
0.280575
-0.036076
0.015676
0.178090
-0.178924
-0.040717
0.008441
0.073442
0.151727
0.196654
-0.056031
-0.094852
-0.201679
-0.105088
-0.106830
0.111117
-0.044481
-0.132845
-0.287394
-0.032000
-0.141254
-0.078732
0.047935
-0.185917
0.077068
0.014241
-0.174005
0.311740
0.047543
-0.164666
-0.249686
-0.169774
-0.153377
0.019212
-0.167008
-0.132634
0.003894
0.094151
0.127349
-0.168358
-0.016635
-0.184398
-0.123222
0.199384
0.009649
-0.012179
0.199934
0.155181
0.229235
0.148931
-0.149493
-0.132947
0.067521
-0.039741
0.097067
0.012442
0.217661
0.189063
0.036580
0.136752
-0.040473
-0.014308
-0.115596
0.124428
-0.051659
-0.402427
-0.061002
0.123778
-0.329055
0.061586
-0.032064
-0.290808
0.226254
0.002048
-0.068849
-0.032231
0.102834
0.157512
0.297184
0.042589
0.092139
0.206112
-0.088280
-0.000049
-0.029453
-0.138848
0.126233
0.030482
0.017457
0.307597
0.005678
0.247565
0.119184
-0.113524
-0.076633
0.248985
-0.052169
-0.156982
-0.171996
-0.011997
-0.112300
0.049611
-0.390731
0.066898
0.142322
0.075744
-0.203139
0.240740
-0.118833
0.121375
-0.078542
-0.067817
-0.150160
-0.047061
-0.200722
-0.046568
-0.242710
0.165820
-0.029603
-0.020309
0.003755
0.120659
0.041798
-0.129211
-0.149703
0.096762
-0.061019
0.079842
0.046824
0.055984
-0.037746
0.011424
0.154202
-0.227408
0.053241
0.272881
0.000177
-0.015806
0.165822
-0.080146
-0.125150
-0.095616
0.079156
-0.178623
0.039132
0.193936
-0.007163
-0.001121
-0.076166
0.398419
-0.200204
-0.027758
-0.278266
0.246721
-0.060259
-0.272153
0.171637
0.117262
0.003434
0.085957
-0.020670
-0.010467
0.276242
-0.207882
-0.028346
-0.270510
-0.389563
-0.208707
0.065543
0.002222
0.001874
-0.078355
0.046185
0.116272
-0.144804
0.171679
0.041247
0.084521
-0.093531
-0.082949
-0.137848
-0.093252
0.279316
-0.186960
-0.069539
-0.050008
0.329240
-0.014570
-0.024044
0.074467
0.011762
-0.170007
0.025038
-0.151543
0.128621
-0.016545
0.093702
0.098152
-0.055019
-0.015570
-0.160363
-0.104132
-0.156329
-0.035156
0.318830
0.247346
0.070067
-0.042308
0.013778
0.013028
0.028893
-0.047351
0.002929
0.009830
-0.129023
0.054182
-0.126050
-0.041350
-0.264664
-0.063443
-0.183135
-0.059908
0.024356
0.187884
0.360630
-0.262851
-0.030538
0.018648
-0.010086
-0.000521
0.407820
-0.032534
-0.080595
0.108289
0.015346
-0.082097
0.090482
0.043842
0.044083
-0.029869
0.178460
0.149938
0.136097
-0.030994
0.151854
0.126984
0.003092
0.049874
0.122019
-0.285994
0.068113
-0.001172
-0.111064
-0.116736
-0.015336
0.114533
-0.032022
0.221151
0.113253
-0.132801
-0.275730
-0.043229
-0.020006
-0.160841
0.063920
-0.100826
0.149381
-0.015440
0.132860
-0.037363
-0.047958
0.161529
0.036354
0.053940
-0.059647
-0.066570
-0.032736
-0.055270
0.021375
-0.080347
0.081133
-0.223685
-0.017361
-0.027565
0.011111
-0.045981
-0.025967
0.311715
0.036544
-0.167731
0.148809
-0.010952
-0.160196
0.136443
0.083240
0.284525
-0.143502
-0.119826
-0.043082
0.024270
-0.093404
0.037004
-0.013290
-0.005704
-0.090174
0.059742
-0.101388
-0.180007
0.011382
-0.217443
-0.018440
-0.035946
-0.064866
-0.157163
0.216407
-0.053766
-0.277619
0.031215
-0.208599
0.277024
-0.024383
-0.064904
0.075022
-0.206093
0.011158
-0.036238
-0.043832
-0.196433
0.061906
-0.141584
0.347682
-0.183721
0.079091
-0.214619
0.060890
0.178036
0.045604
-0.127265
0.080102
-0.195932
0.112228
-0.106624
-0.228577
-0.284301
0.056394
-0.163818
0.002480
-0.086979
-0.137632
-0.120919
0.119749
0.049793
0.118232
0.043898
-0.073429
-0.117127
-0.067600
-0.087890
-0.145870
-0.010242
-0.141809
0.371711
-0.203266
-0.081323
-0.077166
-0.030666
0.044589
0.033155
0.040654
0.073047
0.189136
-0.004288
-0.100330
-0.024926
0.326840
-0.089995
0.020006
0.289756
0.155404
-0.127920
0.050627
0.125694
0.106885
0.267243
-0.116407
0.084977
-0.014160
0.173059
-0.013420
-0.046928
0.171396
-0.040418
-0.004109
-0.023934
-0.040744
-0.191632
0.396508
0.110109
0.057487
0.040892
-0.127912
-0.207002
0.248200
0.028059
-0.042825
-0.088608
-0.089038
0.101195
0.170265
0.076678
0.004370
0.008026
0.137842
0.309240
-0.182985
0.160964
0.107128
0.260401
0.018771
-0.117619
0.253601
-0.125283
-0.219809
0.187315
0.008038
0.090632
-0.083179
0.026481
-0.152769
0.322565
0.255153
-0.105487
0.206997
-0.231110
-0.086104
-0.081560
0.004295
-0.438626
-0.070421
0.108123
0.000743
-0.250763
0.014206
-0.208265
-0.108413
-0.037792
0.052964
-0.004746
-0.281652
-0.012577
-0.160406
-0.159958
0.102701
0.082906
-0.187020
-0.015710
-0.113476
-0.041895
-0.139595
0.150226
-0.009627
0.041951
-0.253460
0.054320
-0.088438
0.070734
0.192518
-0.381342
0.016285
0.063149
-0.221442
0.106705
-0.005976
-0.144717
0.228080
-0.062800
0.142307
0.010278
0.176906
0.192260
-0.238474
0.049114
-0.127661
0.252912
-0.186654
-0.025767
-0.008372
-0.365242
-0.056288
-0.083947
-0.127057
-0.184701
-0.068267
0.093371
0.001540
-0.113321
-0.061516
0.221545
0.084138
0.107823
0.093567
-0.277745
0.136467
0.246416
0.017329
-0.340827
0.028658
-0.003111
0.091523
0.231760
0.067564
-0.221185
-0.026673
-0.046559
0.006708
-0.180724
0.035907
-0.013588
0.224514
-0.106065
-0.292330
0.118394
0.064717
-0.137967
-0.000065
0.119943
-0.116475
-0.098068
-0.168360
-0.137540
-0.180182
0.029393
-0.003718
0.217468
-0.012221
-0.080662
0.107508
0.081044
-0.210920
0.153341
0.044421
-0.112823
0.083897
0.065953
0.092256
0.155692
-0.151337
-0.056002
0.322806
0.028673
-0.278607
-0.087246
-0.167309
-0.111131
-0.052759
-0.094472
-0.009597
0.251614
0.199219
0.102347
0.121910
-0.404702
-0.241979
-0.165960
0.017598
0.019472
-0.044673
0.178309
-0.137920
0.081384
0.057075
-0.116370
-0.168095
-0.232526
0.186563
0.151180
-0.184125
-0.285169
0.030382
0.136011
0.007934
-0.039037
-0.099352
-0.115300
-0.028753
-0.028711
0.110106
-0.094842
-0.074176
0.175055
-0.309943
0.033011
-0.134122
0.040458
-0.191322
0.024209
0.039454
0.014353
-0.086786
0.047302
-0.162301
-0.225882
-0.176611
0.160338
0.099796
0.361649
-0.145697
0.116102
-0.103435
-0.161688
0.374782
-0.034285
0.191929
0.017131
0.021162
-0.079244
-0.028686
0.105690
0.036566
0.045065
0.235208
0.077134
0.073186
-0.160704
0.217396
0.221129
-0.250311
0.073979
-0.159571
-0.036811
-0.069778
0.095034
-0.006173
0.225989
0.082976
-0.135729
0.009075
-0.039716
-0.046722
0.021295
-0.113676
0.118683
0.182770
0.000403
-0.013108
-0.337738
0.137573
0.067566
0.116061
0.041448
0.117263
-0.067108
-0.256532
-0.026888
0.045397
-0.070141
0.051546
-0.042992
-0.442136
-0.006412
-0.306366
-0.132152
0.076637
-0.338606
-0.036957
0.169522
-0.121440
0.234906
0.116679
0.233943
0.244105
-0.169489
0.028992
0.050519
0.101440
-0.031855
0.213184
0.211458
0.033254
-0.056466
-0.084236
-0.163307
0.076389
-0.325108
0.131727
-0.219306
-0.145743
-0.054437
-0.058427
-0.027666
0.161930
0.045678
0.228310
0.069077
0.075562
0.060523
0.077260
-0.070951
-0.017546
0.046927
0.016330
0.240438
-0.109988
-0.220547
0.298298
0.063480
0.061551
-0.165200
-0.035903
-0.152872
0.058736
-0.239816
-0.013675
-0.090158
-0.281536
-0.198404
0.026971
0.101668
0.042271
0.034591
0.154058
0.056241
-0.002581
0.190206
-0.079089
0.102492
0.309584
0.087999
-0.028795
-0.030123
-0.118729
0.147766
-0.072189
-0.020340
-0.273671
0.186503
-0.125717
0.078551
-0.081299
0.043422
-0.122334
0.158365
-0.067283
0.184621
-0.073433
-0.073045
-0.202288
-0.166728
-0.003319
0.232516
0.042944
0.137773
0.090799
-0.176979
0.011153
-0.127734
-0.263270
-0.337421
0.071709
-0.297349
0.053684
0.171092
0.165527
0.248794
0.148875
-0.138275
-0.125154
0.043055
-0.097204
0.258607
-0.122979
0.060665
0.128850
0.042997
0.136724
0.123964
-0.203749
0.168245
0.217710
-0.183698
-0.200295
0.144396
-0.179034
-0.381658
-0.180412
0.009700
0.057654
-0.123247
0.151155
0.134419
0.043586
0.021766
0.004265
0.020640
-0.120126
0.054703
0.064703
0.089846
0.074582
0.197285
0.104504
-0.005058
0.082255
-0.114149
0.054441
-0.173121
0.096955
-0.038416
-0.358218
0.319782
0.019214
-0.116444
0.157215
-0.025643
0.202845
-0.225573
-0.032470
0.204368
-0.060785
-0.208221
0.112094
0.040493
0.174841
0.103856
0.053108
-0.239692
0.077240
-0.172113
0.055172
0.129471
-0.166653
0.184846
-0.050477
0.009294
0.306585
-0.073898
0.203141
0.018513
0.194294
0.059864
-0.295393
-0.057225
-0.274244
-0.235881
-0.166257
-0.012291
0.168205
0.135859
-0.193317
-0.005981
-0.221840
0.045705
0.030868
-0.007375
0.031132
-0.058002
-0.151103
0.010724
-0.072733
-0.101862
-0.055996
-0.116381
0.079612
0.173011
-0.039839
0.052603
-0.090329
0.004572
-0.020661
0.190523
0.394611
0.094841
-0.051604
-0.028317
-0.005322
0.130015
0.128186
-0.060366
-0.190330
-0.098680
-0.028697
0.267272
0.042745
0.101207
0.023298
0.126088
-0.038039
-0.189287
-0.056613
-0.000586
-0.170288
0.233277
-0.079748
-0.263166
0.309368
-0.244002
-0.076039
-0.326787
-0.000950
-0.315081
-0.107646
-0.119032
0.128903
0.180315
0.181689
0.086339
0.022103
-0.048499
-0.081738
-0.221854
-0.273908
-0.033648
0.162431
0.114073
-0.060971
-0.076339
-0.127188
0.206758
-0.157507
0.082970
0.079556
-0.074832
0.074522
0.168801
0.198322
0.037522
0.093480
-0.281252
0.255431
0.142208
0.192432
-0.172843
0.190879
-0.127789
0.048051
-0.095164
-0.053943
0.020952
0.007005
-0.167043
-0.219520
0.150565
-0.335086
0.081542
-0.003109
0.015418
0.024381
0.056248
0.041491
-0.030072
0.088907
-0.118644
-0.002680
0.089918
0.102294
-0.062253
-0.028043
0.216805
-0.285242
0.137362
-0.331837
-0.026861
0.067336
-0.005423
-0.281559
0.160455
0.095848
-0.250337
-0.066897
0.148965
-0.127098
-0.033347
0.080476
-0.355641
0.099144
-0.082542
-0.376924
0.226104
-0.181788
-0.125727
0.167714
-0.176559
0.181643
-0.002748
-0.247878
0.238170
0.015548
-0.079377
-0.030253
-0.213523
0.071821
-0.030545
0.183778
-0.016693
-0.096608
0.005359
0.010869
0.192361
0.179287
0.182407
0.011948
0.096762
0.100205
0.060343
-0.083189
0.201294
0.172148
0.065603
0.045726
0.103953
-0.220851
-0.075962
-0.041547
0.103316
-0.226043
0.014377
0.061208
-0.022659
0.061983
0.406004
-0.110091
-0.149670
-0.021032
-0.190725
-0.090192
-0.166207
0.059290
-0.176734
-0.127949
-0.235621
0.051760
0.229385
-0.174488
-0.201196
-0.196525
-0.110834
-0.119855
0.077911
-0.087240
0.103362
0.229424
-0.163747
0.135443
0.032553
0.123563
-0.185048
-0.129581
0.179648
-0.102011
0.119014
0.145782
0.215326
-0.104081
0.182999
0.155960
0.013348
0.090742
-0.041994
0.175028
-0.088172
-0.134255
0.087158
0.014986
-0.023905
-0.190005
-0.060042
-0.363609
-0.471716
-0.403754
0.179014
-0.018471
-0.092927
-0.100686
0.211470
-0.187893
-0.494877
0.030023
0.070833
0.014194
-0.163803
0.058338
0.132339
0.210359
-0.123315
-0.114741
0.274319
-0.020549
0.127634
-0.183539
-0.049291
-0.395164
-0.010835
-0.165576
0.007115
-0.104528
0.231665
0.171228
-0.067365
0.024233
0.244651
0.028770
-0.267394
-0.155189
0.145571
0.074022
-0.016507
0.087283
-0.122311
-0.370628
-0.129297
-0.037773
-0.105741
0.070429
-0.214993
0.247952
-0.198060
-0.194425
-0.017915
-0.192122
0.310719
-0.059366
-0.185125
0.129130
-0.063632
0.222097
-0.273498
-0.123914
-0.178777
-0.055187
-0.108472
0.082281
0.203558
0.070610
0.001927
-0.186491
0.095442
-0.251717
0.060488
-0.115981
0.028936
-0.086187
0.046435
-0.197572
-0.208420
-0.064543
-0.175972
-0.200862
0.132108
0.122465
-0.017812
-0.027329
-0.011738
-0.225326
-0.026769
-0.194791
0.040755
-0.277588
0.064664
-0.050169
0.038118
0.098438
0.235856
0.206851
0.034694
-0.217400
0.065908
0.114324
-0.065191
0.186810
0.269722
-0.024916
-0.171122
0.108060
-0.251163
-0.195647
-0.084610
-0.038936
-0.091198
-0.067959
0.125622
0.098875
0.030387
-0.094956
-0.101820
-0.068720
0.228513
-0.045455
-0.052732
0.081612
-0.082722
-0.089002
0.118567
0.050138
-0.066942
-0.058393
-0.038126
0.114023
-0.292682
0.034893
0.015372
0.123752
0.091436
-0.066561
-0.011745
0.037358
0.069282
0.356175
-0.068612
-0.052868
-0.025514
0.069654
0.058712
-0.368891
-0.040514
-0.104220
0.054570
0.067759
0.020161
-0.161061
0.062203
0.041978
0.187041
0.151356
-0.037260
-0.196895
0.027785
-0.444671
0.074961
0.139494
0.071338
-0.159696
-0.012317
0.045738
-0.015253
-0.128903
0.110277
0.146575
0.240827
0.026336
0.229889
0.309988
-0.160114
-0.092094
-0.132816
0.231932
0.051792
-0.085203
-0.007073
-0.156465
-0.170420
0.073050
-0.065152
0.115084
0.205289
0.007007
-0.016585
0.184942
-0.122841
-0.061709
-0.051365
0.005483
-0.037216
0.051523
0.148379
-0.039124
0.171061
-0.186678
0.109758
-0.246941
-0.011698
0.238198
0.051522
-0.105382
-0.049960
-0.385419
-0.108909
0.248336
0.028837
0.030623
-0.270257
-0.059255
-0.042423
0.016328
-0.096971
0.152903
0.082258
-0.154838
-0.106010
0.052760
-0.125023
0.026477
-0.085459
0.170125
0.032941
-0.107074
0.179352
-0.135925
-0.077125
0.137452
-0.029912
0.107006
0.034181
0.046404
-0.282298
0.103242
-0.014874
0.088238
-0.164743
0.179172
-0.022578
-0.103118
-0.051968
-0.055560
-0.056567
0.053435
-0.088498
0.440468
0.060594
0.130884
0.080324
-0.013135
-0.001320
-0.020005
-0.023269
-0.160326
-0.068515
0.062824
-0.162694
0.039319
0.028286
0.274581
0.085828
-0.039600
0.066002
0.227833
0.237640
-0.128287
-0.098141
-0.283121
0.148223
0.135016
-0.158505
-0.309818
0.077499
0.110443
0.072438
-0.022458
-0.077607
-0.023105
0.092363
-0.199173
-0.180233
-0.057358
-0.241084
-0.147089
-0.049361
-0.096503
0.052517
-0.082314
0.096593
-0.042372
0.119665
-0.230318
0.059261
-0.136759
0.178909
-0.286790
-0.002266
-0.005886
-0.057473
0.154459
-0.042881
0.144023
-0.060698
-0.081953
-0.021052
0.112634
-0.187848
0.041619
0.092293
0.150995
-0.037911
0.278458
-0.140453
0.009708
-0.023378
0.147831
-0.318514
0.135322
0.189097
-0.016236
0.145889
0.102984
0.191234
-0.121366
0.114710
-0.165917
-0.128387
-0.000931
-0.003471
-0.141821
-0.060744
-0.046252
-0.018068
-0.065205
0.184400
-0.221892
-0.197704
-0.039254
0.051040
0.279902
-0.122376
0.040452
-0.089003
0.061556
-0.146250
-0.212164
0.015262
-0.072912
-0.286221
-0.191538
-0.183517
-0.062346
-0.098429
0.192373
0.397898
0.114919
-0.053984
0.113126
0.040889
0.004894
0.146104
-0.034180
-0.137125
0.208390
0.061272
0.186463
-0.046019
-0.004599
0.006578
-0.010489
0.049984
0.092597
0.145346
-0.017817
0.048337
0.016092
0.086850
0.097697
0.340014
0.127327
-0.246707
-0.214125
-0.211902
-0.000732
0.217589
0.212069
-0.073981
0.028553
-0.093097
-0.254850
-0.080511
-0.241406
-0.057410
0.031194
0.148319
-0.202985
0.105909
0.184020
-0.067055
-0.138885
0.446385
-0.398986
0.083129
0.114070
-0.044820
-0.277114
0.110470
-0.007300
0.028163
-0.042552
-0.006571
-0.046614
0.059985
-0.140018
0.093581
0.028633
0.103664
-0.002259
-0.084289
0.076961
-0.190134
0.214217
-0.001810
0.134690
0.026047
-0.229322
-0.093214
0.070513
0.042253
-0.035630
0.228851
-0.052276
-0.188481
0.182358
0.218586
0.106212
-0.282395
-0.267648
-0.019332
-0.163489
0.322867
0.093386
-0.081857
-0.252944
-0.009544
-0.063326
-0.022457
0.076549
-0.056710
0.225815
-0.295581
-0.279328
0.071068
-0.005753
0.120158
-0.028102
-0.135580
0.003839
-0.158347
-0.202234
-0.023516
0.201687
0.071841
-0.000731
0.176967
0.089450
-0.081002
-0.034894
0.013098
-0.113479
0.078298
0.255371
0.087867
0.039872
0.100545
0.126463
-0.093964
0.014497
-0.109367
0.118514
0.113565
-0.201491
0.071269
-0.113949
-0.077701
-0.073046
0.201541
0.038963
0.008827
0.207602
0.198385
-0.198200
-0.135244
0.092772
-0.158820
-0.092907
-0.063510
0.041585
-0.108536
-0.394049
0.046740
-0.084220
0.280050
0.062608
-0.230714
-0.174219
-0.168470
-0.314098
0.200145
-0.046184
-0.548208
0.118029
0.133662
-0.057893
-0.080505
0.171877
-0.276615
0.269885
0.212798
-0.347458
0.074095
-0.153728
-0.266993
0.008136
-0.078510
0.026925
-0.036487
0.044181
0.061656
0.133090
-0.267107
-0.203881
0.185627
0.045570
-0.176830
-0.218589
-0.044861
0.080993
0.086170
-0.035791
0.210834
-0.222578
-0.107215
0.041861
-0.035496
-0.245022
-0.240259
-0.024590
-0.106037
0.078404
0.084413
0.013032
0.013885
0.346023
-0.222718
0.019544
0.054898
0.004221
0.159515
-0.128714
-0.141704
0.027792
-0.136277
-0.210725
-0.042753
-0.094362
-0.234744
0.040584
0.060889
0.151531
0.227007
0.102094
0.016365
0.093191
-0.109699
0.233739
0.063622
0.231225
0.283033
0.108811
0.080528
-0.156319
-0.016793
0.096655
0.066901
-0.055789
-0.032115
0.134354
-0.041218
-0.076023
0.098395
0.039065
0.009849
-0.083245
0.200185
0.044197
0.139368
-0.047425
-0.052469
-0.089878
0.184642
0.112951
0.014537
0.106026
0.146662
0.375662
0.068688
0.330495
0.072656
-0.294835
0.249187
-0.185611
-0.019671
-0.089559
-0.160304
0.043896
-0.254240
0.146245
0.023628
-0.051296
0.037930
-0.091278
0.157584
-0.078514
-0.272749
0.159393
0.240506
-0.105293
0.120628
0.075920
-0.284804
-0.057719
0.067871
0.084830
0.154974
0.179014
0.311188
0.119494
0.078762
-0.095530
-0.106449
0.236454
-0.267727
0.129920
0.242282
-0.035950
-0.121138
0.023660
-0.093898
0.062433
-0.000214
0.014093
0.198378
-0.075449
-0.092557
-0.123344
-0.229025
0.088030
-0.197504
0.068606
-0.251063
0.157379
-0.221575
-0.053897
0.230879
0.080042
-0.097362
-0.178635
-0.036656
-0.128655
0.241807
0.158834
-0.087762
0.475188
-0.138854
0.002789
-0.319814
-0.122865
-0.153183
0.001650
-0.128507
-0.017204
-0.036016
-0.156649
0.157490
-0.156830
-0.188871
0.053790
-0.103543
-0.134847
-0.052878
-0.128130
-0.022606
0.224378
-0.010605
-0.096727
-0.223615
0.147139
-0.145816
0.029604
0.100780
0.053127
0.017763
-0.019444
-0.006651
0.033979
0.301554
0.057391
-0.201105
-0.051125
-0.053165
-0.282465
-0.004751
-0.128248
0.111415
0.021474
-0.185571
0.154935
-0.103420
0.192932
0.063015
0.006141
-0.143845
-0.025743
0.060865
0.136354
-0.261112
-0.074800
0.032767
-0.115557
-0.093458
-0.101924
-0.155549
0.037846
0.327698
-0.074751
-0.127559
0.102220
0.197989
-0.144885
-0.088302
-0.001735
-0.190381
0.064570
0.211443
-0.207886
0.051078
-0.052987
0.035795
-0.148256
-0.039780
-0.048088
-0.036400
-0.045645
-0.223233
-0.110271
0.148502
-0.064494
-0.086922
-0.096900
0.161303
-0.115591
0.433923
0.135971
-0.084508
-0.109522
-0.030959
0.014026
-0.063985
-0.102661
0.044648
-0.043642
-0.105725
0.053343
-0.283166
0.008873
0.026880
0.002556
-0.217528
-0.035839
-0.287897
-0.185738
0.050099
0.015037
0.219583
0.147720
0.034423
-0.140363
-0.249885
-0.312024
-0.063005
0.009935
-0.003523
0.042015
0.121393
-0.042707
0.267047
0.068642
-0.272003
0.010143
-0.015544
0.039366
0.217008
0.139675
-0.030556
0.155043
0.040511
0.017618
-0.227974
0.289820
0.074796
-0.142409
0.013704
0.124272
0.188950
0.174031
0.019981
0.192278
-0.186511
0.298997
0.247886
-0.166186
0.145709
-0.062501
0.086997
0.165119
-0.005598
0.187817
0.088046
0.213804
0.229800
0.267631
-0.246427
0.116926
0.152548
0.045790
0.097072
-0.274670
-0.116461
-0.171553
0.205705
0.121126
-0.265627
0.175147
-0.203306
-0.196854
-0.047885
0.005538
-0.031456
-0.259391
-0.173223
0.006634
0.195676
0.027992
-0.144801
-0.094833
-0.008214
0.106867
0.292567
0.173594
-0.056487
-0.043630
-0.000807
0.239680
-0.040891
-0.043118
0.079501
0.019812
-0.038911
0.155879
0.048311
0.118098
-0.159212
0.192086
-0.131862
0.001851
-0.320514
0.014366
-0.113197
-0.013725
-0.130037
0.030078
0.014160
-0.172074
0.255672
-0.109984
0.004298
0.046568
-0.009145
-0.079530
-0.047459
0.144079
0.065098
-0.314693
-0.040082
0.067736
0.266310
-0.033438
-0.173537
-0.076613
-0.296130
0.022442
-0.183495
0.166632
0.086988
0.124557
-0.055039
0.160743
0.082303
-0.111206
0.203324
0.054530
0.118941
-0.188612
0.053106
0.028628
-0.003596
0.232871
-0.014083
-0.265477
0.089655
-0.114517
0.127426
-0.000521
-0.181746
0.183152
0.163155
0.022877
0.037963
-0.245225
0.258987
0.182008
-0.253555
-0.162481
-0.140307
0.108212
-0.145424
-0.171126
0.111691
0.052079
-0.050272
0.265211
-0.094198
-0.109090
-0.001797
-0.234738
-0.004971
0.111404
0.153959
0.387376
-0.275984
-0.086979
0.002047
-0.233592
0.159673
-0.219787
0.025587
0.301198
-0.169736
0.090896
-0.031470
0.049283
-0.278923
0.035789
0.053539
-0.062489
-0.208027
-0.147907
-0.059048
0.051581
0.156343
-0.019925
-0.071172
0.089487
0.071945
0.006753
0.201954
-0.364460
0.139529
-0.038678
-0.159113
-0.113728
0.539844
0.132643
-0.033362
-0.124831
0.130487
0.100547
0.229499
-0.247642
-0.155664
0.235230
-0.008429
0.026393
-0.020309
-0.011007
-0.139153
-0.266320
0.068013
-0.278859
0.034531
0.126259
-0.194687
-0.057684
0.301138
0.024579
0.037402
0.007897
-0.117870
0.088624
-0.087767
-0.146396
-0.022348
0.169816
-0.189293
-0.003163
-0.027155
0.152478
0.075320
-0.135545
-0.127649
0.133502
0.147443
-0.154022
0.060177
-0.135100
-0.000374
-0.054515
0.013776
-0.074529
-0.010251
-0.226706
-0.107173
0.094507
-0.211945
0.046028
0.027677
-0.115771
-0.065599
0.125709
0.054411
-0.246550
-0.145972
-0.132036
-0.192168
0.149353
-0.275222
0.322712
0.182755
0.076711
0.007996
-0.077435
0.075935
0.096139
-0.194010
0.189083
-0.068548
0.178155
-0.066129
0.212930
0.124723
0.153578
0.317034
0.062491
-0.154175
-0.054578
-0.405534
0.058618
-0.117407
-0.032684
0.216584
0.202689
0.106539
0.049417
0.039997
-0.008702
0.181891
0.173896
-0.152931
0.125239
0.320569
-0.077241
-0.042468
0.006176
0.200917
-0.105926
-0.247142
0.107344
0.176223
0.031858
-0.107631
-0.116030
-0.116681
-0.077186
0.091326
0.339791
0.093116
-0.010031
0.215529
-0.194702
-0.207775
-0.145478
-0.011341
-0.042285
-0.082981
0.121246
0.322022
0.221052
0.077923
0.085000
0.128184
-0.263453
0.098106
0.078735
0.010981
0.151797
0.116320
0.037758
0.117522
0.128844
-0.019725
-0.074631
-0.046448
-0.127447
0.048610
0.195247
0.057425
-0.251789
-0.020520
-0.024981
0.210985
0.024518
0.174307
-0.251800
-0.037210
-0.049052
0.046465
0.072263
0.103457
0.140763
-0.155295
-0.114799
0.169743
-0.154790
0.042568
-0.065059
0.122033
0.177221
0.317088
0.075874
-0.230024
-0.258771
0.228834
-0.041099
0.369417
0.094753
0.191775
0.052697
0.261143
0.221757
-0.146605
-0.305947
0.109143
0.204629
0.021502
-0.139053
-0.104839
0.208999
0.108431
0.272741
0.153182
0.050112
0.164280
-0.272288
-0.171023
0.026417
0.026587
-0.079589
-0.144601
0.236267
0.240822
0.049030
-0.014441
0.083988
0.148916
-0.031377
0.232487
0.397531
-0.062666
0.074734
-0.048815
-0.197517
-0.092323
0.212150
0.092252
0.095225
-0.182160
-0.122778
-0.145357
0.191812
0.114076
-0.013484
0.146862
0.072381
0.104105
-0.102711
0.006326
0.069372
-0.101414
0.039261
0.064720
0.025105
-0.008171
-0.075282
0.023439
-0.115955
0.264288
-0.045398
-0.005414
-0.053548
0.326314
-0.082805
0.363083
0.141052
-0.034457
0.164631
0.067330
-0.012640
-0.080727
0.117839
-0.056601
-0.248302
-0.056238
0.348592
0.015674
-0.008110
0.118166
0.266443
0.252820
-0.145292
-0.227511
-0.112124
-0.311885
-0.155008
0.080030
0.098951
-0.189636
0.069954
-0.047794
-0.108085
-0.292229
0.001597
-0.034156
-0.034311
0.053429
0.303733
0.055326
-0.188250
-0.258955
-0.062731
0.156470
-0.071612
0.096625
-0.060811
0.003754
0.123573
0.047025
-0.430085
-0.026531
-0.127540
-0.166287
-0.026133
0.017037
0.025519
0.152294
0.154302
-0.019651
-0.142671
0.080250
-0.026293
0.326388
-0.012642
-0.101446
-0.060262
-0.248878
-0.014306
-0.449738
0.067714
0.284006
0.007240
0.020410
-0.036598
0.050476
-0.289780
-0.184791
0.012389
-0.024961
-0.127888
0.014472
-0.010522
-0.136787
-0.128515
-0.015324
-0.002762
-0.162762
0.292440
-0.042016
-0.158781
-0.043761
-0.109736
0.122862
-0.358818
0.028031
-0.190131
-0.019987
0.131939
-0.009922
-0.095292
0.180684
0.247731
-0.183221
-0.039862
-0.393200
-0.124017
-0.173614
0.154380
0.194030
0.099420
0.022874
0.144057
0.047721
0.110746
0.089257
0.078825
-0.133236
-0.013435
0.109802
-0.070170
0.029007
0.143653
0.287967
-0.053686
0.058382
-0.061656
0.231973
0.271844
0.007593
-0.087569
0.000291
-0.067871
0.017147
0.232784
0.110614
0.044488
0.040487
-0.113966
-0.012914
-0.149216
-0.151925
0.003287
0.074612
-0.207982
-0.068208
-0.214646
0.164568
-0.068210
-0.165986
-0.069361
-0.208359
0.049565
0.007979
0.060023
0.075255
-0.324293
0.078851
-0.118234
0.051414
-0.022060
-0.151170
0.223758
-0.044704
-0.174399
0.100450
0.104245
0.158180
0.013488
-0.372991
0.259666
0.032341
0.064173
0.193805
-0.087947
-0.026125
0.179839
-0.006413
-0.216687
0.067583
0.068657
-0.129526
-0.034241
-0.067892
0.008258
-0.069802
0.258249
-0.203839
-0.256807
0.117951
0.013445
0.050198
-0.079315
-0.039104
0.362759
0.018454
-0.132571
-0.094131
-0.056093
-0.086105
-0.225070
0.050611
-0.001681
-0.023661
0.196467
-0.125452
-0.036500
0.006465
-0.179847
-0.095016
-0.082173
0.091694
-0.284617
-0.154856
-0.042695
-0.065902
-0.348961
0.228002
-0.328787
0.067473
0.199929
-0.117814
-0.361950
0.015622
0.087594
-0.089929
-0.114672
-0.295677
0.047839
-0.146039
0.032331
-0.079944
0.035285
-0.237201
-0.092257
-0.192908
-0.073211
0.022377
0.084410
0.050475
-0.115312
0.027454
-0.212277
-0.146280
0.077411
0.375598
0.087424
-0.001193
0.155286
-0.191087
0.096723
0.232741
0.205435
-0.005081
0.050811
-0.036064
0.091484
0.008907
0.273813
0.064184
-0.031203
0.030287
-0.055867
-0.031897
0.067766
-0.115529
-0.091519
0.108661
0.065847
0.030359
0.118153
-0.260108
0.105083
-0.151758
0.063733
-0.323149
-0.070810
-0.173122
0.044552
-0.174470
0.180863
0.147518
-0.064697
0.205617
0.166117
0.027345
0.015451
-0.095486
0.009905
-0.167569
-0.026748
0.132504
0.112010
0.021622
-0.146496
-0.128780
0.025577
-0.058174
0.146709
0.086711
-0.088551
0.076264
0.064664
-0.021895
0.146242
-0.196421
0.282447
0.133215
-0.131926
-0.133400
0.347489
0.136114
0.029381
-0.061290
0.130178
-0.086597
0.004748
-0.091641
0.061629
-0.361615
-0.034357
0.270211
0.238969
-0.138727
0.312781
-0.232080
-0.237737
0.002040
-0.257784
0.000879
-0.003213
0.272818
0.192336
0.147654
0.129486
-0.336709
-0.052524
-0.142351
-0.316461
-0.004235
0.010151
0.116948
-0.182545
0.261392
-0.210301
-0.250048
-0.084590
0.158319
0.139227
0.070250
0.040585
0.058171
0.017505
-0.224721
0.002893
-0.247256
0.169360
-0.295638
-0.156855
0.070308
0.007330
0.024943
0.107341
0.122875
-0.171391
-0.021310
-0.046382
0.255316
-0.101833
-0.341774
0.211518
-0.115339
0.222098
-0.185350
-0.051915
-0.042447
-0.043227
0.196482
0.006003
0.211904
-0.096210
-0.039635
0.022518
0.067786
0.144655
0.166529
-0.002376
0.161042
0.016919
0.309600
0.091439
-0.280045
0.005255
0.013848
0.137940
-0.096968
-0.287071
0.036632
-0.181340
-0.097229
-0.190994
0.126962
0.143650
-0.016408
-0.075876
-0.000262
0.071892
-0.130358
-0.037779
-0.066505
0.133051
-0.328222
-0.190849
0.155868
0.309478
0.205159
0.026975
-0.104085
-0.138845
0.205157
0.140252
-0.368645
0.162624
-0.172604
0.061859
0.005895
0.144121
0.107053
0.302250
-0.077148
0.170300
0.027023
0.180695
0.093634
-0.154213
-0.051226
0.042654
-0.028823
-0.009903
-0.189516
-0.093527
0.143521
-0.047036
-0.078755
0.123121
-0.102979
-0.137999
0.237564
-0.107918
0.120193
-0.231074
-0.245267
-0.256358
-0.113391
0.021890
-0.062349
-0.022667
0.030204
0.042145
0.101978
0.049629
0.118070
-0.123671
0.018064
-0.285835
-0.170953
0.004185
-0.201952
-0.183265
0.016392
0.164042
0.029300
0.131013
-0.128678
-0.117782
-0.116594
-0.043171
0.215505
0.024111
-0.090124
0.044455
0.285076
0.290727
0.046209
0.092557
-0.234918
0.185412
-0.052772
0.171140
0.199904
0.017151
-0.376272
-0.019931
0.143171
0.156426
0.117146
-0.009129
-0.069599
-0.045801
0.112582
-0.100963
0.154315
-0.168680
0.049480
-0.297294
-0.104221
-0.080266
0.186583
0.189272
0.030279
-0.087556
-0.166090
-0.144203
-0.005339
-0.019218
-0.184665
-0.079909
-0.114142
-0.032351
-0.218238
0.149209
-0.206795
-0.022140
0.248575
-0.054125
0.092591
0.098146
0.098310
-0.240587
0.047583
-0.108214
-0.110403
0.164936
-0.054199
-0.130261
-0.013156
-0.092844
0.061775
-0.262766
0.183701
0.080431
0.106390
0.004374
-0.206218
0.273461
0.131925
0.096267
-0.022629
0.191697
-0.184334
-0.048048
-0.138027
-0.024943
-0.133220
0.104302
-0.024653
0.248190
-0.065021
0.206650
-0.042570
0.271268
-0.148847
0.329840
0.351648
0.113516
-0.012323
-0.067539
0.406468
-0.120724
-0.039704
0.014854
-0.161717
-0.049307
0.179501
0.069928
-0.149594
-0.208635
0.178455
0.091069
0.104404
0.228624
-0.121477
-0.171739
0.210245
-0.092002
-0.055936
-0.226982
-0.065752
0.083144
-0.055566
0.027686
-0.211203
0.114999
-0.007451
-0.145603
0.120217
0.185436
0.340173
0.058841
-0.044583
0.023899
-0.018778
0.051167
0.171734
-0.019995
0.075712
-0.348010
0.047765
0.128204
0.084944
-0.078003
0.256172
-0.008306
0.338520
0.199512
-0.265937
-0.229418
0.222962
0.128473
-0.152165
-0.021462
-0.037692
-0.095418
-0.049177
0.099300
0.095394
-0.045759
-0.002549
-0.016304
-0.103531
-0.128409
-0.003715
-0.083753
0.023650
-0.111267
-0.202494
0.027709
-0.189916
0.087882
-0.319565
-0.021063
0.099050
-0.100638
-0.368581
-0.019560
0.332745
-0.045126
0.022071
-0.097791
0.003018
0.087092
-0.003212
-0.371708
0.038992
-0.074311
-0.082702
-0.188900
-0.240865
-0.019084
-0.272028
-0.103647
0.054232
0.245958
0.108558
0.197155
0.005833
-0.129102
0.019179
0.255717
-0.100113
-0.112312
-0.063838
-0.077384
0.032099
-0.223974
0.111794
-0.116802
0.098934
-0.031779
-0.160377
-0.025088
-0.021958
-0.052897
0.043709
-0.050477
0.008117
0.065878
-0.107912
0.081445
0.038909
-0.026929
-0.288339
0.052870
0.120147
0.017053
0.275546
-0.069575
-0.011468
-0.180354
0.007613
-0.194931
-0.249016
-0.084544
0.243048
0.080593
0.334277
-0.243795
0.131174
0.141523
-0.007521
-0.038467
0.052705
0.000630
-0.088861
0.171282
-0.185811
0.222730
0.480407
-0.027643
0.100298
-0.087418
0.105962
0.110534
0.112401
0.135698
0.180696
-0.146911
-0.113374
-0.166747
-0.076928
-0.076416
0.102189
-0.122913
0.105818
-0.106287
-0.175438
0.197175
0.077334
-0.139371
-0.104203
-0.343849
0.302076
-0.010762
-0.084091
-0.269878
-0.258056
-0.141648
0.007079
-0.003060
0.069153
-0.006009
0.156584
0.026318
0.109670
-0.273375
0.098999
0.121125
0.073493
0.069633
0.031919
0.129592
0.085004
0.043912
-0.080207
0.150280
0.265782
0.011576
0.065690
-0.034692
-0.301993
-0.048169
-0.027489
-0.282038
0.001757
0.100651
-0.038539
0.126537
-0.116111
0.119549
-0.024488
0.110307
-0.384845
-0.154992
0.122030
-0.056147
-0.056307
0.124940
-0.009160
0.073720
-0.055052
0.071401
-0.074720
0.299068
0.001985
0.095598
0.053116
-0.276279
0.067766
-0.022805
0.099844
0.192634
0.056153
-0.286069
0.205001
-0.154073
-0.118286
0.036579
-0.247193
-0.047563
0.109050
-0.187467
-0.001435
0.040968
-0.102958
0.178103
-0.009767
-0.091343
-0.245683
-0.303505
-0.132960
-0.046417
-0.182117
-0.019601
0.036865
-0.067178
-0.136490
-0.232745
0.184264
0.061973
-0.141677
-0.243533
0.067392
-0.201847
0.172084
-0.104372
-0.205912
0.015675
0.078138
-0.166095
-0.053634
0.004644
-0.013356
-0.116517
0.265032
-0.376388
0.116560
0.283493
-0.031856
-0.060800
-0.041296
-0.145471
0.119836
-0.078140
0.203334
-0.140947
0.198894
-0.144472
-0.192363
-0.231719
0.199128
-0.364724
-0.103430
0.286705
-0.245221
0.247627
-0.086661
-0.058707
-0.379858
-0.084081
-0.093095
-0.006926
0.318576
0.027691
0.452183
0.117314
-0.082895
-0.111753
0.009812
0.229517
0.063243
0.183676
-0.015791
-0.341466
-0.003227
-0.224349
-0.134416
0.020165
-0.096353
0.092457
0.059555
-0.089371
-0.361601
-0.119100
-0.105456
0.003309
-0.046672
-0.195655
-0.177804
0.193419
0.104379
-0.136088
0.103641
0.030446
-0.050820
-0.066318
0.008228
0.264246
0.124867
-0.218452
-0.122514
0.114943
-0.088253
0.194566
-0.125939
-0.188135
-0.026442
-0.212208
0.143195
-0.139283
0.080519
0.186919
0.146903
0.123406
-0.078327
-0.358696
0.027047
-0.160362
0.004496
0.176298
0.107368
0.119685
0.208847
0.020542
0.212829
-0.098370
-0.041806
0.119203
0.033864
-0.010609
-0.040910
-0.092506
0.187345
0.043699
-0.189793
-0.045093
-0.332421
-0.014973
-0.276443
-0.307558
-0.165902
-0.124514
0.101527
-0.054368
0.261755
-0.035824
0.268089
-0.128987
-0.286883
0.064017
0.077770
-0.129262
0.169649
0.338225
0.161860
-0.060328
0.006407
0.235043
0.119750
-0.098299
-0.111669
-0.214468
-0.054412
0.004461
0.192155
-0.159480
0.160260
-0.269062
0.146865
-0.182120
-0.014810
-0.013581
0.101122
-0.004680
-0.195508
-0.263704
-0.018110
-0.265641
-0.019026
0.252860
0.139782
-0.156221
-0.227132
-0.039346
-0.183216
0.077707
0.255316
-0.035736
-0.271182
0.280787
-0.282564
-0.070841
-0.226459
-0.138277
-0.037633
-0.289291
-0.091858
0.103011
0.010687
0.163513
-0.283799
-0.134714
0.172374
0.312350
0.102058
-0.157478
0.241165
0.425312
0.011441
0.031038
-0.160096
-0.029492
0.039864
-0.059213
-0.248221
-0.072833
-0.091315
0.188886
0.146407
0.091653
-0.022295
-0.072361
0.105404
-0.046486
0.170718
0.107202
0.121311
0.107754
-0.098991
0.072222
0.269477
0.044228
-0.214933
0.424782
0.023110
0.038182
-0.095766
-0.028848
-0.156760
0.126819
-0.162899
-0.031354
-0.066189
-0.227243
0.063539
0.112152
0.016808
-0.118339
-0.071359
-0.151797
-0.090076
0.098087
-0.148330
0.179529
0.025449
0.260473
0.006604
-0.179897
0.029605
0.093815
0.010929
0.242109
0.064801
-0.019747
-0.101739
-0.027082
-0.005723
0.104040
0.041294
-0.028349
-0.091137
-0.045504
-0.017093
-0.227675
0.115965
-0.004368
-0.058653
-0.231436
-0.141627
0.100998
0.058318
0.177752
-0.335214
-0.252655
0.001902
0.007266
-0.075040
0.022449
-0.200562
0.040349
0.139555
-0.046456
0.115648
0.103776
-0.041378
0.190146
0.044210
0.177749
0.008572
-0.259432
0.302939
0.180830
0.223454
-0.036322
0.015670
0.270905
-0.094125
-0.190886
-0.097784
0.192572
0.109415
-0.035837
0.151919
-0.060423
0.178261
0.310300
-0.074818
0.019120
-0.123300
0.154814
-0.039543
0.214727
0.258768
-0.036089
0.290677
0.101047
0.128513
0.016171
-0.067435
0.186075
-0.120125
0.053342
-0.196824
-0.019160
-0.066258
0.159753
-0.115398
-0.048469
-0.127891
0.229726
0.140680
-0.394455
-0.144347
0.024009
0.266292
0.201775
0.185517
0.224221
-0.018240
-0.069521
0.036928
0.137968
-0.022597
0.178653
-0.305952
-0.244342
-0.226817
-0.060799
0.138845
-0.185132
-0.010487
-0.204012
0.159350
-0.012500
0.108744
-0.032522
0.011155
0.132156
0.025669
-0.096342
-0.033411
-0.163999
0.064558
-0.144077
0.191992
0.067000
-0.044117
-0.018841
0.080940
-0.260883
0.004975
0.103342
-0.037741
-0.038387
-0.165052
0.118245
0.105146
-0.074327
-0.057607
0.142991
-0.085650
-0.149280
-0.001805
0.003704
0.107283
-0.096218
-0.032334
-0.129098
-0.170114
0.021185
-0.072615
-0.267394
-0.027708
-0.036567
0.015642
0.213615
0.132433
-0.259171
0.112720
-0.232613
-0.042137
-0.023460
-0.094514
0.012735
0.312887
0.066680
0.149418
-0.056428
-0.133667
-0.021592
-0.112954
-0.275507
0.086217
-0.234221
0.158335
-0.039649
0.023765
0.168141
0.109568
0.086147
-0.185240
-0.089655
-0.136657
-0.233625
-0.128325
0.222689
-0.143639
-0.059703
-0.132558
0.059088
-0.136015
-0.011685
-0.171928
0.013810
-0.013415
0.356634
0.042993
-0.004434
0.146251
0.108064
-0.077186
-0.026510
-0.099553
-0.217527
-0.324109
0.046833
0.157373
-0.128404
0.045837
-0.084761
0.033009
0.075271
-0.013885
0.287712
-0.151034
0.052941
-0.254638
-0.061911
0.090515
-0.166234
-0.027479
-0.043136
-0.074866
0.162356
0.297516
0.170625
0.049993
0.011216
0.093455
-0.009633
0.148277
-0.018350
-0.257117
-0.033326
-0.070218
0.090796
-0.125927
0.331899
-0.058226
-0.000732
0.089706
0.096594
-0.195263
0.221125
-0.171716
0.232922
-0.101848
-0.290739
-0.178683
-0.000211
-0.043321
0.023680
-0.018467
-0.352437
-0.041933
0.109026
0.235176
0.113917
-0.180207
0.076919
0.118201
-0.013544
0.080456
0.026195
-0.148438
0.005300
-0.037855
-0.256410
0.119836
-0.081890
0.026910
0.092941
0.303556
-0.040054
-0.091221
-0.123989
-0.251423
0.063234
-0.002293
0.041842
0.073598
0.033808
-0.036740
0.004502
-0.018355
-0.013876
0.009678
0.100965
0.299123
-0.047925
0.145917
0.026892
0.060748
0.248437
0.015916
0.019179
0.099881
0.290323
0.054125
0.173830
0.181323
0.134634
0.263064
0.106902
-0.103013
-0.059755
-0.109594
0.068851
-0.408446
0.095079
0.040771
-0.050326
0.196588
-0.242022
0.068079
-0.058412
-0.020332
-0.220341
-0.124561
0.239067
-0.057079
-0.013972
-0.148894
0.179737
-0.043473
0.239719
-0.121713
0.025898
-0.114764
0.000595
-0.089004
0.032586
-0.065188
0.037667
0.014325
-0.031243
-0.152825
0.138746
0.059872
0.047150
0.113971
0.265451
-0.046760
-0.193150
-0.186466
0.035293
-0.214633
-0.122965
-0.103502
-0.155899
0.134679
0.296565
-0.283127
-0.132588
0.124099
-0.271642
0.011181
-0.078937
0.164433
0.169310
0.044412
0.043439
-0.214055
-0.105179
-0.048378
-0.084375
-0.340015
0.041055
0.348428
-0.089916
0.122424
0.028127
0.128329
-0.019162
0.211010
0.194108
-0.047419
-0.041374
-0.193717
0.117272
0.054297
-0.211030
-0.285035
0.087581
0.369299
-0.076492
0.028895
-0.098895
0.126299
-0.133964
-0.251209
0.245148
0.075865
-0.026135
-0.194943
0.256254
-0.179202
-0.289891
-0.165547
0.217309
-0.051631
0.250711
-0.108395
-0.007693
0.023607
0.101126
-0.080698
-0.095236
0.075791
-0.111586
-0.056402
0.076017
0.069874
0.071065
-0.029816
0.072735
0.244795
0.414956
-0.203060
-0.180071
-0.107345
-0.141013
-0.109810
0.185252
-0.123681
-0.314034
0.204729
0.180922
-0.115857
0.275953
-0.033846
-0.104591
-0.022042
0.083576
-0.032443
0.406259
0.156704
0.004340
0.219586
-0.214328
-0.113133
-0.144211
-0.047922
0.301695
0.140789
-0.151046
0.150422
-0.293234
0.178235
0.051565
0.100675
0.061916
-0.107639
0.048413
0.231862
0.059261
0.018642
-0.124338
0.248230
-0.084797
0.235752
-0.050374
0.062179
0.026108
0.003105
-0.065499
-0.142933
-0.083378
0.033025
0.043375
-0.215990
-0.070558
0.002559
0.020681
-0.104286
-0.139695
-0.016666
0.017831
-0.157054
-0.238268
0.182829
0.126333
-0.085209
-0.183313
-0.108149
-0.000014
0.032441
0.041482
0.175167
-0.056610
0.063602
-0.142497
0.042168
-0.122650
0.212756
0.153312
-0.071682
-0.216057
-0.172417
0.081597
-0.000545
-0.086251
0.146566
-0.093715
0.105817
0.216122
0.108239
-0.007781
0.197502
0.187876
0.160666
0.262573
0.004161
0.165154
0.107310
0.052395
-0.397210
-0.025283
-0.206497
0.030644
0.051562
0.202886
0.072128
0.035688
-0.257908
0.027324
-0.085328
0.016682
0.224970
0.089543
-0.129044
0.096617
-0.103256
0.135675
0.244414
0.190505
-0.181003
0.197973
-0.017506
0.109361
0.162184
-0.206473
0.451841
-0.155687
0.099102
0.238385
-0.355893
0.109751
0.049246
0.008682
-0.127925
-0.043509
-0.078328
0.155939
0.106753
-0.138721
-0.017036
-0.017363
-0.112049
-0.251671
-0.141826
0.026183
-0.123294
0.378755
0.080824
-0.024418
0.030301
-0.097515
0.228510
0.024494
0.115923
0.190177
0.162702
-0.238534
-0.024344
-0.091148
0.008108
-0.140524
-0.247195
0.213601
0.118365
-0.341039
-0.136163
0.033842
0.092049
0.279623
0.019193
0.052440
-0.140738
0.138379
-0.220544
-0.167844
-0.040775
0.080001
-0.110506
-0.187160
-0.150525
0.052245
-0.002267
-0.080559
-0.230330
-0.191677
0.225732
-0.310232
0.024980
0.109015
-0.269085
0.035817
0.087793
0.148909
-0.189284
-0.074856
0.206262
-0.282001
0.092823
0.103608
0.261410
0.013657
0.171398
-0.153157
0.132531
0.129590
-0.110753
0.061990
-0.139147
0.200827
-0.116227
0.161417
0.055799
-0.200797
-0.269541
-0.099306
-0.056875
0.071666
0.174479
-0.061006
0.020813
-0.014770
-0.073003
-0.136714
-0.121767
-0.176134
0.117223
0.124458
0.287927
0.184249
-0.122568
0.070657
0.216595
0.199951
0.009346
0.051228
0.025776
0.358751
0.221442
0.073382
-0.200631
0.096442
0.002128
-0.018668
0.122711
0.017425
-0.042923
0.094911
0.103678
-0.121459
0.025136
0.143613
0.029353
-0.104289
-0.263944
0.021710
0.214242
0.345987
0.081920
0.074582
0.171895
0.086071
0.092991
0.070358
-0.050901
0.156428
0.039400
-0.005363
0.097218
0.371569
-0.155238
-0.010291
-0.204334
0.080356
0.010710
0.121813
-0.055318
-0.072184
0.076109
-0.109960
-0.198678
0.266620
0.127812
-0.108254
0.019568
-0.031640
-0.100545
-0.037740
0.133443
-0.248716
0.088556
-0.069854
-0.127098
0.218630
0.088600
0.017338
-0.059947
0.011520
0.025395
0.064604
0.042002
-0.124616
0.054892
-0.087293
0.050810
0.094430
-0.043912
-0.210649
0.177864
0.021048
0.005358
0.060021
0.086660
0.028007
0.001423
0.144512
-0.278139
0.010395
0.157270
-0.264154
0.230243
0.047166
0.067224
0.087109
-0.115185
0.202971
0.125377
-0.084727
-0.087026
-0.235033
-0.156545
0.167743
-0.218815
-0.284952
0.017460
-0.165410
0.131004
0.021189
0.074639
0.012379
0.025123
-0.238608
0.189032
-0.049622
0.133527
-0.016696
-0.087645
-0.231298
0.100122
0.115850
0.142458
0.221353
-0.108648
-0.199462
-0.090499
0.055988
0.069826
-0.003052
0.121776
0.216257
0.072260
-0.149319
-0.158275
-0.165108
-0.040953
0.022376
-0.146830
0.194009
-0.269144
-0.037978
-0.112987
-0.087952
0.135915
0.119549
-0.262792
0.316781
-0.098327
-0.063271
0.171087
0.148165
-0.056315
-0.071895
0.328791
0.055484
0.129071
0.060665
-0.155386
0.064676
0.022118
0.388669
-0.080767
0.429605
-0.032765
0.125406
0.002690
0.232244
0.274938
0.047602
0.004180
0.027132
-0.042191
-0.035926
0.254280
-0.255843
-0.092656
0.177073
-0.027271
0.139461
0.246262
-0.007925
0.176466
0.099330
-0.047978
-0.218388
-0.069487
0.148591
-0.130905
0.263870
0.176936
-0.069671
0.023415
-0.114639
-0.104224
0.015966
0.084358
-0.062317
-0.119511
-0.247062
-0.019221
0.053707
-0.070941
-0.324551
0.041786
-0.080667
0.144105
0.011230
0.145878
-0.235062
-0.132278
0.423915
-0.018313
0.163106
-0.184736
-0.010986
-0.195159
0.405530
0.129050
-0.193201
0.004601
0.271739
0.047087
0.201456
-0.365721
0.007364
0.069744
-0.024490
-0.021718
0.015634
0.062235
-0.093450
-0.108078
-0.240134
0.098468
0.015433
0.096096
-0.120644
0.150381
-0.096293
-0.014848
0.130951
-0.071259
0.093478
0.157664
0.127331
0.151235
-0.002131
0.038223
-0.003248
0.044099
0.051463
-0.089105
-0.021898
0.033830
-0.055576
0.025354
-0.129647
0.159679
0.042641
-0.216115
0.252630
0.249463
-0.196429
0.117041
-0.381381
-0.138817
0.065621
0.293873
-0.183565
-0.070814
-0.352622
-0.020300
0.119400
-0.198649
0.087218
0.104259
0.135785
-0.058664
-0.020572
0.065412
-0.245963
0.032404
-0.168520
-0.165222
-0.076329
-0.058179
-0.244870
0.232713
-0.080482
-0.263245
0.039585
0.074056
0.156553
0.182694
0.063677
0.050060
0.276316
0.163463
-0.104032
-0.227352
-0.211894
-0.113740
0.149941
-0.144826
-0.120711
0.203055
-0.014721
-0.076267
-0.176261
0.032623
-0.123125
0.074547
0.074068
-0.310905
-0.026475
0.212460
0.004554
-0.040418
0.040774
-0.069467
-0.232578
0.174042
-0.225367
0.456634
0.130591
-0.005802
0.030299
0.145978
0.068851
0.005086
-0.089849
-0.192147
-0.018300
-0.153123
0.084923
-0.166404
-0.002057
-0.022671
-0.217671
0.087339
-0.229334
-0.050545
-0.146265
-0.372493
0.120075
-0.204651
-0.146098
-0.047265
-0.081457
0.046736
0.116028
0.374491
-0.136744
-0.023085
-0.129458
0.227975
-0.359703
-0.078416
0.137157
-0.114345
0.038302
-0.394775
-0.131876
0.062749
-0.004168
-0.220279
0.032604
0.155875
-0.037744
0.140085
0.056044
0.371157
-0.219507
-0.040730
-0.026075
-0.119405
0.233288
-0.266817
0.155651
-0.269912
-0.101684
-0.212846
0.051348
-0.443292
-0.092762
0.149504
0.078223
-0.002076
-0.082553
0.088494
-0.209972
0.219928
-0.054921
-0.146996
0.102691
0.209555
-0.124923
0.113230
-0.047801
-0.086948
0.006487
-0.079986
-0.033204
-0.033688
0.183580
-0.137080
-0.025721
0.028281
0.045248
-0.139701
0.450041
0.177384
0.191192
-0.026184
0.098518
0.172276
0.183979
-0.127641
-0.108653
0.031223
-0.078708
0.117974
-0.038846
-0.056355
-0.155991
0.033593
0.236904
0.053635
0.055473
0.105467
0.211013
-0.079934
0.012716
-0.056183
-0.047736
0.035522
0.119823
0.162071
0.199424
-0.137132
0.202471
-0.056389
-0.176703
0.180441
0.048528
0.180655
0.111525
-0.133870
-0.009434
-0.237405
-0.131533
0.087620
0.235859
-0.430912
-0.170426
-0.025908
0.239357
0.172729
0.497564
-0.003970
-0.101374
0.139846
0.070614
0.133003
0.185405
0.035484
-0.017120
-0.008141
0.030061
0.120821
-0.075459
-0.272657
-0.156018
-0.085767
-0.285252
-0.057118
-0.244300
-0.168606
-0.054602
0.050181
-0.135839
-0.113849
0.098483
-0.181626
0.115790
0.405058
-0.359801
0.281184
-0.024998
-0.059670
-0.022852
0.138964
-0.206898
-0.229011
0.046139
0.034099
-0.101084
-0.138979
0.283433
0.139204
-0.177249
-0.284234
0.127823
-0.139957
-0.168208
-0.055113
-0.163347
0.066239
-0.155624
-0.148912
-0.059017
-0.227558
0.107172
0.046566
0.066523
-0.218327
-0.281103
-0.149180
-0.325141
0.187018
0.134846
0.040034
-0.061466
-0.061179
0.044863
-0.017050
-0.116324
-0.167161
-0.093008
-0.019564
-0.052410
-0.258058
0.128206
0.173255
-0.040224
-0.124724
-0.134433
-0.289205
-0.179579
0.032661
-0.132535
0.151383
0.097389
-0.269265
-0.358055
-0.080485
-0.020007
0.268889
-0.019910
-0.217321
-0.145374
-0.132803
-0.198039
-0.248848
0.195367
-0.069550
-0.000402
0.046960
-0.023784
-0.042527
0.100974
-0.087588
0.331232
-0.424680
0.040937
0.012798
-0.011982
-0.060021
0.090682
-0.203980
-0.178497
-0.058897
0.047925
0.005444
-0.097476
-0.108127
-0.149576
-0.093713
0.100193
0.132853
-0.110564
0.198405
0.089756
0.190391
-0.050789
0.051121
0.024711
0.075068
-0.281101
0.119129
-0.169707
0.184305
-0.002233
0.149556
-0.027214
0.131616
-0.085456
-0.356473
-0.378545
0.186180
-0.300766
-0.114402
-0.066001
-0.111661
-0.085429
0.173086
-0.011953
0.039825
0.002110
-0.239696
0.150637
0.102491
-0.075873
0.055703
0.248256
-0.077905
0.182176
-0.435392
-0.099719
-0.167134
-0.137526
0.206925
0.006703
0.138977
0.267998
0.005834
0.245329
-0.146329
0.152195
-0.107897
-0.042680
-0.035486
-0.021675
-0.051027
-0.297496
0.214944
0.328321
-0.319697
0.182101
-0.145799
0.033350
0.265331
0.276994
0.128286
-0.008212
0.010607
-0.190782
-0.031421
0.048723
-0.002942
-0.023934
0.062952
-0.017544
0.192204
0.126503
-0.031989
0.086971
-0.021888
0.169790
0.218832
0.028761
0.206572
-0.097594
-0.009366
0.159875
-0.019025
0.288805
0.081612
0.146509
-0.085375
0.061411
0.083709
0.006757
0.039002
0.165746
-0.221141
-0.131883
0.175847
-0.253949
0.001585
0.021546
-0.139443
0.033424
-0.091948
0.023380
-0.287527
0.160344
0.046184
-0.195371
-0.039334
0.282017
-0.047793
-0.038854
-0.293391
0.006738
0.202113
0.148512
-0.191737
-0.069463
-0.154684
-0.004478
0.205502
0.093271
0.140835
-0.164821
-0.098340
-0.278753
-0.023252
0.106840
-0.027163
0.171065
0.101715
0.435496
-0.073014
0.071445
0.308953
0.211869
-0.270497
0.093189
0.072384
0.160904
-0.013307
0.065164
-0.153678
0.177525
0.058100
0.207837
0.075273
-0.162802
-0.138780
-0.311438
-0.050256
-0.059964
-0.252119
0.089151
0.254628
0.011245
-0.078714
-0.073325
-0.106087
0.100115
0.082187
0.123783
0.136577
0.027161
-0.102024
0.214904
-0.120290
-0.166227
0.008053
-0.118184
0.097281
-0.143993
0.049961
0.286342
-0.152282
0.248160
-0.053027
0.012130
-0.153389
0.279655
0.047929
-0.183198
-0.207696
-0.187394
-0.040076
0.130106
-0.222965
-0.000022
0.018990
-0.163321
0.085901
-0.033662
0.087747
-0.147900
-0.029380
0.116732
0.124297
-0.294364
0.054579
-0.080449
0.014158
0.207214
0.250544
0.203388
0.056467
0.084277
-0.110654
0.307790
-0.139085
0.231156
0.047336
0.326521
-0.081481
0.157760
0.036974
-0.064244
-0.004071
-0.089312
0.056936
0.034649
0.103516
0.132709
-0.150003
0.392263
-0.051551
0.191771
0.001921
0.121399
-0.240432
0.009800
0.170369
-0.159444
0.143487
-0.054363
-0.076240
-0.007643
0.026362
-0.033046
0.177479
-0.008475
-0.020460
-0.080850
0.200327
0.112084
0.128808
-0.200765
0.152542
0.115186
0.096743
0.016860
-0.196870
0.069758
0.154382
0.037272
-0.277480
-0.038651
0.121063
-0.065429
0.110286
0.038343
0.136913
-0.053663
0.198947
-0.033641
-0.047639
-0.029526
0.050750
-0.084430
-0.037906
-0.071825
0.037145
-0.022002
-0.254596
-0.164257
-0.071476
0.108469
-0.145781
0.181122
-0.295494
-0.027233
0.115006
0.144862
0.183182
0.047793
-0.223128
0.191189
-0.064004
-0.105276
-0.156970
0.199920
0.036154
-0.019511
-0.128164
0.208284
0.019942
0.147409
-0.054564
-0.066365
-0.126695
0.103980
0.103138
0.129487
0.000792
0.274627
-0.089248
-0.046131
-0.012357
-0.007016
0.120669
0.116562
0.052155
0.260521
-0.134892
0.178509
-0.016458
-0.106237
-0.118469
-0.059812
-0.095641
0.156613
-0.023802
0.122447
0.018052
0.026054
-0.069471
-0.138307
-0.023825
-0.090238
0.061067
0.077787
0.083513
-0.115724
0.095331
0.073935
-0.041348
-0.098753
0.078390
0.034263
-0.036907
-0.247165
-0.233903
-0.192415
-0.122793
-0.258850
-0.092347
0.245022
-0.034385
0.009304
-0.047341
-0.071178
0.113585
0.082853
-0.215324
-0.219848
0.133576
-0.068190
0.134348
0.013506
0.118000
0.139221
0.104272
0.230955
-0.333796
-0.226878
0.016208
0.124968
0.021865
-0.092656
-0.121877
0.060109
0.065380
-0.093525
0.082269
-0.018036
0.500419
-0.034570
-0.102868
0.096372
0.115478
-0.229317
0.094241
-0.140550
0.202513
0.032552
-0.229940
-0.110205
-0.026904
0.208755
-0.074129
0.211963
-0.225729
-0.039792
0.144960
0.015559
0.130268
-0.007725
-0.082472
-0.199224
0.076832
0.051580
0.162592
-0.054990
-0.172064
0.088192
-0.025072
-0.055919
0.013727
-0.268710
-0.151855
-0.265606
0.095137
-0.054078
-0.097954
0.017164
-0.016858
-0.209373
0.156948
-0.006011
0.045142
-0.039514
0.272910
-0.147552
0.421850
-0.082230
0.126744
0.150295
0.161277
-0.058602
0.070249
0.150714
0.168589
0.064487
0.150522
0.060110
-0.035899
0.174335
-0.121129
0.268763
0.203801
0.022596
0.078629
-0.100108
-0.042916
-0.083076
0.170514
0.048617
0.170781
-0.085934
0.100478
-0.155325
-0.025380
-0.064146
0.117506
0.020947
0.087202
0.032394
-0.000322
-0.118137
0.015130
-0.235493
-0.048833
0.194831
0.193021
-0.137980
-0.056678
-0.065771
-0.093598
-0.058081
0.179032
-0.173053
-0.067089
0.477658
0.038178
-0.375361
0.020333
0.108582
-0.058445
0.031797
-0.035424
0.250347
0.016531
-0.027188
0.026841
0.158053
-0.088246
-0.009660
0.174173
0.027965
-0.052518
-0.039185
-0.191492
0.255907
0.120684
0.028868
-0.084707
-0.163992
0.005175
0.324841
0.187077
0.073440
0.031208
-0.004106
-0.186568
-0.251674
0.130528
-0.264039
-0.085690
-0.057979
0.209929
-0.052315
0.010742
-0.226866
0.070057
-0.011442
-0.081246
0.002138
0.195737
-0.121077
0.064476
0.073792
-0.140005
0.080047
0.055796
-0.043737
0.010046
-0.019087
-0.200806
0.151613
-0.074369
0.018412
-0.246592
-0.013250
-0.033937
-0.260119
-0.058574
0.048691
0.047607
-0.050687
0.049397
-0.180216
0.031044
-0.155861
0.124417
-0.387710
-0.206416
-0.377883
0.069393
0.049424
-0.240561
-0.129881
-0.014422
0.239600
-0.098231
0.251643
0.136178
-0.043880
0.076078
-0.056971
0.125411
0.072920
-0.121180
-0.143198
0.090046
0.152743
-0.213705
-0.068654
0.108466
-0.037880
-0.067975
0.160231
0.017210
-0.272325
0.014561
0.199163
-0.001873
-0.072198
-0.098181
0.176610
0.140544
0.118148
-0.129089
0.241153
0.366905
0.057743
-0.364557
0.189073
0.039415
-0.104612
0.195388
0.088487
-0.096227
-0.153516
0.025615
-0.115223
-0.084444
-0.274137
-0.005654
-0.111838
0.025060
-0.112196
0.105114
0.156985
0.025098
0.086006
-0.012833
0.166172
-0.037238
0.082219
0.030326
0.000458
-0.084445
0.069256
-0.002096
-0.229011
-0.247966
0.081841
0.170424
0.229370
-0.197557
-0.132766
0.145678
0.055192
0.126419
0.095345
-0.050703
-0.046749
0.161186
-0.079681
-0.029968
0.017241
-0.083113
0.139923
0.089298
0.120962
0.009043
0.011214
0.083499
0.010004
0.061439
-0.044384
-0.141121
-0.257195
0.137948
0.180471
0.129477
-0.075849
-0.173801
0.247207
0.010166
0.064304
-0.077302
-0.003186
-0.121587
0.146189
-0.130678
-0.105842
-0.063700
-0.026394
0.143397
0.252755
0.002020
0.251333
-0.022158
0.099590
0.142352
0.125578
0.214796
0.054497
0.152503
-0.180612
0.074473
0.037432
-0.002809
-0.081892
0.083749
-0.222083
-0.064915
-0.244867
0.026153
0.040495
0.006229
0.130685
0.058428
0.152668
-0.004246
-0.298218
-0.195902
-0.193794
-0.004186
0.225365
-0.055609
0.027967
-0.240297
0.025436
0.201770
-0.104958
0.165633
-0.074602
-0.040057
-0.109924
0.317895
-0.128292
0.099223
0.225558
-0.131244
0.012655
0.269131
-0.120693
-0.037999
-0.057914
0.122387
-0.048149
-0.001367
0.132047
0.095303
-0.079094
0.224697
0.311076
0.120878
0.153015
-0.041299
-0.137225
-0.021750
0.380215
0.014782
0.152700
0.217095
0.028008
-0.043364
0.103026
-0.007262
-0.122579
0.280492
0.221311
-0.023657
-0.043442
-0.197624
-0.117714
-0.077989
0.121798
-0.147054
-0.066593
-0.169101
0.105918
0.070801
0.041143
0.106773
-0.105343
-0.192427
-0.201901
0.038589
0.049176
-0.009396
-0.269191
-0.132917
0.131561
0.080801
-0.294484
0.013160
0.107006
-0.455385
-0.016252
-0.273796
-0.056306
0.119316
0.204996
-0.102632
-0.143336
-0.215347
0.250622
0.053184
0.258326
-0.249793
0.297965
0.100162
0.071471
0.198590
0.190674
-0.119049
0.133982
-0.017599
0.084037
0.049008
-0.073074
0.126604
0.030604
0.123312
-0.033908
0.085899
-0.180442
-0.130559
0.133515
-0.122346
0.045856
-0.032097
-0.114277
-0.079207
0.246372
-0.091256
-0.005023
0.065200
0.225260
0.119243
-0.130402
-0.005514
-0.159335
0.104323
0.027480
0.027907
-0.113931
0.047081
-0.130170
-0.008096
0.174444
0.028839
0.082589
-0.149486
0.069289
-0.007876
-0.115340
-0.072277
-0.234392
0.043769
-0.207484
0.111119
-0.047521
-0.074947
-0.179377
-0.205724
-0.120772
0.074785
0.157678
0.238105
-0.099196
0.278329
0.056377
0.137531
-0.016124
-0.004685
0.138975
0.174045
0.061614
-0.188838
-0.014107
0.210365
0.367088
-0.197092
-0.009905
0.095100
-0.004997
0.070805
-0.334868
0.275172
0.039075
0.098848
0.051273
0.076431
-0.013463
0.055754
0.011617
-0.389695
-0.079034
0.154714
-0.073712
0.041919
-0.045242
-0.309694
0.264619
-0.188873
0.019072
-0.185023
0.067506
0.204874
0.118227
-0.203248
-0.001762
-0.145948
-0.040361
0.170903
-0.229115
-0.093827
-0.221791
-0.032285
-0.098502
-0.086584
0.195211
0.028997
-0.300593
-0.055702
-0.200356
-0.266236
0.085781
0.209307
-0.296056
0.113328
0.092849
-0.081834
0.041661
-0.041354
0.084957
0.045717
-0.174312
0.330659
-0.260692
0.034988
-0.030078
-0.011675
0.061312
-0.022627
-0.137587
-0.119940
-0.138035
-0.210254
0.096925
-0.055765
-0.175519
-0.068093
-0.027849
0.013238
-0.049383
-0.287968
0.024171
-0.116961
-0.028613
0.049778
-0.246229
0.031258
0.154395
-0.148536
-0.214761
0.043116
-0.167627
0.177877
-0.065790
-0.006324
0.021396
-0.011742
-0.182363
-0.400311
-0.091406
-0.158909
-0.076946
-0.030364
-0.047745
0.383181
-0.061597
0.017457
0.129988
0.234869
-0.226969
-0.029520
-0.092928
-0.263042
0.216933
0.055772
0.040460
-0.009052
-0.001596
-0.357878
-0.007157
-0.006966
0.190220
0.214076
0.204209
0.012600
-0.063472
-0.096559
-0.012980
0.389011
0.095390
-0.073972
-0.033407
0.003124
0.108163
-0.193103
0.115386
0.114537
-0.235367
0.117737
0.131848
0.235557
0.025587
-0.147135
-0.070766
-0.208518
-0.010183
-0.046060
-0.130493
-0.176681
-0.254492
-0.204142
0.174940
-0.173231
0.196012
0.061202
-0.230309
0.286859
0.186868
-0.180062
0.153420
-0.116573
-0.073301
0.113808
-0.070604
-0.208666
0.036580
-0.223594
0.029041
-0.361552
-0.175083
-0.203170
-0.107762
0.133541
-0.103554
0.161369
0.113216
-0.108064
0.049483
0.010349
-0.186810
-0.001686
0.066152
0.216579
0.176028
0.174355
-0.055767
0.148649
-0.263030
-0.115266
0.138855
-0.032423
0.082610
-0.200801
0.250446
0.032616
-0.041826
0.076169
0.163627
-0.120718
0.050343
-0.072737
-0.167513
-0.043036
-0.138529
0.035307
-0.045971
0.089438
-0.089180
-0.065338
-0.063882
0.106143
0.003090
-0.069702
-0.313262
0.074601
-0.052563
0.181510
0.176943
0.235097
0.116687
-0.252025
0.198397
-0.207776
-0.054198
0.129872
0.020615
0.030329
-0.150975
-0.130549
0.215599
0.025016
0.183264
0.312325
-0.385050
0.100643
0.216545
-0.007808
-0.305324
0.166606
-0.097394
0.129833
0.152749
-0.079763
-0.012487
0.042950
-0.097692
0.077328
-0.109338
0.148955
0.097100
0.124652
0.019702
0.059475
0.015626
-0.031678
-0.164213
-0.007146
-0.033586
-0.025917
0.081438
0.037870
-0.121810
0.062343
0.016221
0.055340
0.139878
0.001276
0.001933
-0.210742
-0.167094
0.397681
-0.054122
0.265765
-0.103419
0.079361
0.007219
-0.068204
-0.039202
0.046683
-0.186704
0.145102
0.212416
0.058028
-0.074454
0.476753
-0.153184
0.051765
-0.049030
0.321243
0.020691
0.200584
-0.009086
-0.062290
0.157689
0.108486
-0.178037
0.074447
0.139014
-0.068481
0.119838
0.060612
-0.066704
-0.094630
-0.116586
0.079593
0.223158
-0.000544
0.135841
-0.020262
-0.003966
-0.158426
-0.129923
0.054976
0.121250
0.251734
-0.149672
-0.090060
-0.180093
0.133652
-0.276406
0.186470
0.044038
0.013613
0.132264
0.050397
0.067264
0.254049
-0.084709
-0.276486
-0.437733
-0.070366
-0.167837
0.069815
-0.063935
0.250792
0.058569
0.076887
0.093674
0.046268
-0.048447
0.016118
0.138389
-0.138717
-0.172160
-0.145448
-0.120585
-0.157793
0.190539
-0.030020
-0.111597
-0.112902
0.281443
-0.080888
0.116611
0.159073
0.020204
0.129591
-0.007811
-0.010757
-0.137301
-0.089614
-0.250806
0.013109
0.432871
0.097084
0.044435
-0.006897
0.144084
0.096552
0.141001
0.100915
-0.163448
0.116227
0.084794
-0.310698
-0.179998
0.084340
0.108761
-0.060893
-0.192403
-0.320086
-0.072943
-0.221434
-0.328119
0.253314
0.314470
-0.053990
0.087704
-0.180652
-0.260112
0.105665
-0.096093
0.068784
0.226006
-0.134906
0.363772
0.116829
-0.057902
-0.066971
0.254161
0.112102
0.043355
0.184327
-0.055921
-0.122102
0.113373
0.438699
0.093055
0.019856
0.116659
-0.112414
0.349481
0.017817
-0.122492
-0.007511
-0.133260
-0.102321
0.017592
-0.252616
-0.060540
0.124246
0.021524
0.029234
0.247688
-0.116952
0.337429
-0.075414
0.112067
0.000972
0.030342
0.170289
-0.128103
0.067961
0.074622
-0.110973
0.224219
-0.106603
0.285270
0.166262
-0.107266
-0.026482
0.116101
-0.191501
0.091034
0.159747
-0.012450
0.105996
0.180532
0.238754
0.024519
0.054073
-0.309598
-0.200762
-0.002257
-0.185501
0.017016
0.054033
-0.160895
0.172937
-0.059381
0.286512
-0.050306
0.160582
-0.119572
-0.061502
-0.042422
0.097785
0.092226
-0.128662
-0.131106
-0.091258
0.308124
-0.054072
0.231742
0.139655
0.311041
-0.030078
0.084599
-0.053664
0.053090
-0.185106
-0.141832
-0.101042
0.023196
0.060199
0.054686
-0.281261
-0.031454
-0.039221
-0.276229
0.099704
0.171075
0.023934
-0.024598
0.070119
-0.005487
-0.027361
0.352145
-0.171413
-0.015397
0.060886
-0.125541
0.016025
-0.123903
0.020936
-0.019942
-0.130764
0.326456
-0.027899
0.218115
-0.252649
0.252654
-0.303122
0.114433
-0.056220
0.079654
0.000435
0.016080
-0.285591
0.020586
0.053734
0.007800
0.074455
-0.115952
0.019153
0.247668
0.291881
-0.056423
-0.020779
-0.049866
0.033061
-0.060301
0.192494
-0.120424
-0.123077
0.039523
0.157251
0.140426
-0.102091
-0.262345
0.140112
-0.098045
-0.071749
0.104276
0.067069
0.090408
0.183343
-0.030911
-0.020142
0.164380
0.115523
-0.131462
-0.019170
0.015735
-0.174688
-0.046647
-0.068783
0.153475
-0.164324
-0.153308
0.042234
-0.187377
0.114047
0.165646
0.336655
-0.198803
-0.096035
-0.004582
-0.244879
0.016674
0.161383
0.098138
-0.023334
-0.108619
-0.192228
0.218754
0.032507
0.176823
-0.035501
-0.185504
-0.014813
0.016275
-0.020338
0.328151
0.207921
-0.231111
0.267281
-0.120679
0.119371
-0.235043
-0.173265
-0.158311
-0.054448
-0.179195
0.365778
-0.184599
0.003119
-0.026720
-0.011884
-0.128091
-0.200720
0.050766
0.347213
0.078222
-0.121141
0.241162
0.002841
0.228662
-0.214148
0.215430
-0.019791
0.102692
0.072681
-0.013768
-0.232830
-0.038428
-0.022326
0.247302
-0.129819
-0.265943
0.217893
0.331863
-0.037656
-0.128870
-0.005848
0.164402
0.060518
0.081853
0.093429
-0.245932
-0.090815
0.005996
0.011528
-0.229400
0.235005
-0.044658
-0.136170
-0.014182
-0.145452
-0.014023
0.251725
0.198525
-0.114669
0.105435
-0.017786
-0.120777
0.194306
-0.229307
-0.124368
-0.064956
-0.041414
-0.228205
-0.181258
0.203041
-0.178441
0.136276
0.355872
-0.426740
-0.074438
-0.021551
-0.003282
-0.059011
-0.123902
0.085601
-0.131225
-0.197035
0.115336
0.007925
-0.161003
0.250631
-0.092601
0.119207
-0.182485
0.150121
0.106152
-0.041301
0.158634
0.041701
-0.057301
-0.027409
0.078601
0.015902
0.117264
0.120395
0.162351
-0.044552
0.049772
-0.198267
0.200665
-0.040936
0.240046
0.117592
-0.285029
0.032528
-0.044488
-0.019546
0.310456
0.134304
-0.058052
-0.161881
-0.016720
0.219278
0.185285
0.009601
-0.099062
-0.039612
-0.208269
0.086677
0.129708
0.141696
0.011811
0.035041
-0.265560
0.068000
0.120933
-0.018764
-0.052240
-0.215317
-0.053349
-0.186310
0.185763
-0.053877
0.164542
-0.004581
0.154308
0.164622
0.008091
0.038810
-0.098721
0.216499
-0.054079
-0.011534
0.319002
0.036752
-0.075889
0.073529
-0.359297
-0.069594
0.224041
-0.070871
0.115918
0.184480
-0.063950
0.121283
-0.123158
-0.149743
-0.015255
0.092434
-0.085001
-0.044884
-0.003897
-0.035813
0.079673
-0.141633
0.019516
-0.100411
0.151332
0.204072
-0.096728
-0.040875
0.017607
-0.276952
-0.133750
0.203951
-0.022480
-0.033164
-0.203160
0.152263
0.161826
-0.009436
-0.185256
-0.349768
0.138102
-0.206971
-0.193672
-0.131234
0.200085
-0.042012
0.150007
0.010993
0.168789
-0.057069
-0.124069
0.096182
-0.056364
-0.077633
0.044639
-0.098599
0.073174
0.102312
-0.060301
-0.049926
0.199047
0.279443
0.102436
-0.136909
-0.022151
-0.103489
-0.027337
-0.294424
0.081234
-0.025551
0.128397
-0.048874
0.208982
0.082072
-0.043134
-0.394414
0.137590
0.123665
-0.438167
0.136394
-0.030228
-0.146459
0.074072
-0.251789
-0.049141
-0.156689
0.243478
-0.410435
-0.148293
-0.041521
0.014336
-0.315935
-0.143162
-0.112323
-0.239801
-0.105594
0.193761
0.157309
-0.062431
0.309032
-0.184669
0.126229
-0.355109
0.121571
0.143009
-0.088733
0.007796
-0.291730
-0.176296
0.170478
-0.111212
-0.056740
0.162824
-0.015280
-0.048170
-0.017070
-0.089980
0.043762
0.231294
0.134736
0.264243
0.178979
-0.027752
-0.012746
0.010758
-0.218267
-0.101575
-0.244814
-0.178363
-0.001905
0.076472
0.021591
0.150427
-0.074269
0.267771
-0.120066
0.061838
0.020796
0.012890
-0.254311
-0.009631
-0.091147
0.212400
-0.056879
0.172154
0.135969
0.081018
0.121416
0.014263
0.066538
0.081134
0.110022
0.247541
-0.072011
0.140411
-0.000578
0.077206
0.070501
0.083751
0.021189
-0.031382
-0.000990
-0.113031
-0.161924
-0.263126
0.054364
0.223451
-0.174553
0.094361
0.183064
0.161311
-0.007871
0.245219
0.037383
0.000419
0.213016
0.048044
-0.081439
-0.132698
0.087625
0.165241
-0.134855
0.279376
0.138249
0.202467
0.426256
0.052422
0.381394
0.123723
-0.078217
-0.148442
-0.137020
0.047402
0.042295
-0.080877
-0.000671
-0.105041
0.074691
0.116229
0.301651
0.014672
-0.328032
-0.069434
0.212756
-0.104092
0.136893
0.092848
0.084940
-0.012976
-0.189222
-0.002715
-0.069592
0.031834
0.103241
0.032859
-0.047225
-0.050800
0.036469
0.039062
0.152744
0.345339
0.155260
0.039413
0.356257
0.104179
0.014048
0.139415
-0.293063
-0.164526
0.091418
0.024827
0.144529
0.013240
-0.031702
-0.092173
-0.165415
-0.199575
0.252485
-0.069124
-0.071939
0.280344
-0.024243
0.071167
-0.137994
-0.222320
0.067214
0.135614
0.004918
-0.043424
-0.208475
-0.028565
0.091932
-0.100606
0.050199
-0.282499
-0.117633
0.086944
-0.159268
0.044454
0.069953
0.244898
-0.248673
0.333945
-0.179278
-0.011145
-0.175244
0.071557
-0.255099
0.141798
0.000473
-0.280881
0.049392
-0.237215
-0.133380
-0.066542
-0.051695
0.117821
-0.135449
-0.085602
-0.040433
-0.030075
-0.210919
-0.138318
-0.199127
-0.207095
-0.160870
0.296260
0.110851
-0.167849
-0.411923
0.137474
-0.324331
-0.188532
0.060724
0.067653
-0.002076
0.310275
-0.040721
-0.270721
-0.116318
0.263162
0.015917
0.392372
0.042044
0.060492
0.154675
0.193848
-0.131928
-0.131951
-0.271162
-0.033230
0.120657
-0.084187
-0.021259
0.127407
-0.052748
0.010195
-0.045212
0.069137
0.128270
0.136336
0.015911
-0.019577
0.099973
0.174594
0.135001
0.119863
0.004727
0.110108
-0.062768
0.346635
-0.254652
-0.120899
0.093137
0.048157
-0.032017
0.081191
0.035941
-0.071505
0.144146
-0.350993
0.166206
0.021466
0.028421
-0.069319
0.168705
-0.216990
0.231044
-0.025324
0.042099
-0.081097
0.083587
0.053134
0.357412
-0.035737
-0.000522
-0.076225
0.328882
0.022125
0.018796
0.026188
0.145359
0.011726
0.030181
-0.054236
0.052575
0.094697
-0.123232
0.072273
-0.262289
0.155776
0.083943
0.064027
-0.040837
0.062649
0.079225
-0.041655
-0.061293
0.066348
-0.111445
-0.026208
0.181735
0.040051
-0.200287
-0.196386
-0.138696
-0.088725
0.098331
0.127721
-0.066741
-0.085163
-0.002515
0.118603
-0.148216
0.065823
-0.126515
0.079035
0.098641
-0.160125
0.119083
-0.192253
-0.099706
-0.158774
0.205282
-0.233497
-0.076974
0.111169
-0.090396
-0.198357
0.523917
0.046530
0.198398
0.188353
0.166738
-0.037308
0.134017
0.061320
0.297578
0.050124
0.190448
0.007922
-0.130599
0.030860
-0.033271
0.140603
0.227572
-0.011773
-0.055644
-0.068692
0.008182
0.161762
0.105375
0.079122
-0.185776
0.041569
0.094072
-0.052608
0.054295
0.169340
0.027035
0.110359
-0.060951
-0.210105
-0.078168
0.197648
-0.005237
-0.174850
0.191747
0.070745
-0.029778
0.199317
-0.066157
-0.121767
-0.011659
0.073375
0.052242
0.151902
-0.464646
0.080657
-0.162782
-0.254125
-0.010929
0.004666
0.027492
-0.145855
-0.100368
0.184754
0.076225
-0.199855
0.299614
-0.206942
0.053384
-0.086773
-0.186056
0.155967
-0.098878
0.169747
0.017633
0.143013
0.064216
-0.094854
0.019792
0.282857
0.189925
0.207079
-0.048163
-0.218572
-0.010242
-0.140245
0.060987
-0.156575
-0.032073
-0.036348
-0.096301
0.128941
0.098214
0.047873
0.199017
0.123731
0.020553
-0.040264
-0.096453
-0.109200
-0.020776
-0.280843
0.089223
0.062684
-0.060160
-0.041354
0.060615
0.040687
-0.337528
-0.135919
-0.011393
-0.001132
-0.133865
0.068993
-0.003284
-0.006581
0.039610
-0.074130
0.012144
-0.250595
-0.015794
0.204320
-0.044526
-0.213047
0.104354
0.024217
0.310644
0.039814
-0.182365
-0.209356
-0.463004
-0.012723
-0.067661
0.086111
0.061186
-0.069225
0.073033
0.038694
-0.017149
0.302248
0.041580
-0.179019
0.164671
-0.049347
0.157324
0.226273
-0.154282
-0.007071
0.138467
0.094188
-0.125442
0.071797
0.027772
-0.347637
-0.170061
-0.128318
0.113850
-0.000620
-0.047111
-0.215146
-0.139839
0.059980
0.039862
-0.016744
0.038554
0.290033
0.019302
0.022339
0.302919
-0.385324
0.138732
-0.324639
-0.119250
-0.060040
-0.143169
0.025040
0.153439
0.250616
-0.157073
-0.276612
-0.016702
0.074220
-0.020124
-0.134991
0.122236
-0.049619
0.212366
-0.065801
0.002061
0.150274
-0.051977
-0.118581
0.021230
-0.025255
0.120243
0.022922
-0.082618
-0.127110
-0.039307
0.036786
0.132134
0.039388
-0.008074
-0.191997
-0.131492
-0.186804
-0.027038
0.143316
-0.096151
0.178308
-0.106464
0.114796
0.182020
0.082626
-0.265590
0.119678
-0.036944
-0.304236
-0.128026
0.204055
-0.189973
-0.156839
-0.109608
-0.200864
-0.167261
0.001301
-0.239748
-0.145038
0.375202
-0.161169
0.058420
0.172268
0.168049
0.078343
-0.098743
-0.249241
0.155561
-0.029457
0.322829
0.001036
-0.159410
-0.177531
0.135376
0.234831
0.144917
-0.185463
0.086590
-0.213871
-0.112982
-0.352460
0.063676
0.222914
-0.011315
-0.198912
0.168305
0.234402
0.059482
0.082911
-0.198094
-0.234997
0.041789
-0.095545
-0.015211
-0.087813
0.000294
-0.067344
-0.234787
-0.102375
0.021531
0.068145
0.060807
0.029614
-0.104177
-0.026579
0.109547
0.177055
-0.070284
-0.044466
0.067547
0.136227
0.027537
0.017216
-0.168940
-0.063467
-0.085079
-0.192413
0.088558
-0.194341
0.394153
0.215097
0.068541
-0.317958
-0.102065
0.083222
-0.330570
-0.256953
0.089991
0.313084
-0.133887
-0.068164
0.086335
-0.107151
0.144306
0.175321
-0.084325
-0.142378
0.093761
-0.086331
-0.138641
-0.093769
-0.073032
-0.156047
0.195002
-0.193391
0.037422
-0.286326
0.163836
0.268288
-0.314692
-0.024789
0.218322
-0.012764
0.121894
-0.195529
0.092698
0.119734
-0.172334
0.064648
0.042662
-0.057195
0.207907
0.109094
-0.214300
-0.132796
-0.021699
0.065436
-0.081517
0.060293
-0.061305
-0.053251
-0.080058
0.091690
-0.027918
0.007661
-0.000118
0.081968
0.189401
0.210493
0.130961
-0.080878
-0.108119
-0.201481
0.003437
0.107928
-0.052323
0.394633
0.066145
0.105061
-0.046127
0.032610
-0.005290
0.342555
0.094429
-0.241308
0.181799
-0.259768
-0.059005
-0.144033
0.181493
0.086879
0.108165
-0.109631
0.129869
0.105182
0.160820
0.176576
-0.167618
0.005003
0.059955
-0.240597
0.113002
-0.128857
0.034553
0.048653
0.185332
-0.202627
-0.073788
0.159483
0.062016
-0.164363
0.061079
0.193940
0.039738
0.290707
-0.208230
0.138291
-0.202403
-0.026418
-0.005360
-0.216043
0.037032
0.141923
-0.213599
-0.171341
-0.332190
0.125544
0.277545
0.093262
0.271714
-0.126146
-0.041327
-0.165565
-0.142416
0.301193
0.143131
-0.055036
-0.083314
0.405970
0.203399
-0.176035
0.016134
-0.140332
0.082521
-0.050111
0.222693
0.019700
-0.179389
-0.422759
-0.139864
-0.011147
-0.081363
-0.159237
0.093114
-0.061677
0.007863
0.068867
0.021646
-0.030021
-0.103340
-0.107360
0.101253
-0.045404
0.128104
-0.013251
-0.098919
0.000059
0.025316
-0.250935
0.073222
0.154353
0.090855
0.040540
0.128954
0.046913
0.148810
-0.043879
-0.001212
0.029259
-0.229797
0.029000
0.017215
0.063812
-0.121809
-0.314496
0.193042
0.204772
-0.273394
0.123635
-0.272143
0.123754
0.123340
-0.064716
0.085497
0.226378
-0.079044
0.040458
0.088827
-0.014322
0.158728
0.145187
-0.120901
-0.091640
-0.042487
0.075241
-0.100141
0.006587
-0.026076
0.100772
-0.435566
-0.073182
0.000206
0.170671
-0.020595
-0.097466
0.016527
0.117655
0.130718
0.156907
-0.176260
0.026546
-0.213050
-0.037976
0.034637
-0.074978
-0.231671
-0.182463
0.080841
-0.090172
-0.018528
0.104606
-0.003955
0.140305
-0.324845
-0.057657
0.255265
-0.254288
0.082238
-0.031465
-0.161070
-0.030710
0.149126
-0.135197
-0.245454
0.089672
0.249718
-0.010465
-0.056061
0.156037
-0.005657
0.117842
0.106913
-0.034935
0.051839
-0.153424
0.041698
0.149693
-0.083766
0.135089
0.182420
0.099564
0.002503
-0.143577
0.046275
0.257770
0.416701
0.170563
0.002475
0.010522
-0.267889
0.080689
-0.054580
-0.086594
-0.104023
0.097866
0.040976
0.036133
-0.125110
0.225018
-0.219768
0.020193
-0.115813
-0.124212
-0.093988
0.028020
-0.146566
-0.113307
-0.064645
0.085346
0.123977
-0.226633
-0.120062
0.222723
0.521903
0.120176
-0.165362
0.006125
-0.183226
0.077896
0.101845
0.082228
0.050369
-0.039530
-0.048866
0.175402
-0.150056
0.138257
-0.232299
-0.068314
-0.000352
-0.061194
0.240399
0.227193
-0.344035
-0.106679
-0.093013
-0.283784
-0.262206
-0.035846
0.064520
-0.035595
-0.012867
0.288286
0.034454
0.115023
-0.112106
-0.052682
0.354715
-0.161949
-0.303373
-0.279330
0.300168
-0.189479
0.051798
-0.077393
0.056000
0.054292
-0.127047
0.046677
0.062158
-0.283330
0.046038
-0.065228
0.138787
-0.087817
0.111877
0.003179
-0.033017
0.083723
-0.084531
-0.026658
0.110048
-0.017557
0.326264
0.009207
0.033483
-0.019036
-0.108229
0.278483
-0.174809
0.054136
-0.205704
-0.081045
-0.029474
0.269239
0.036482
-0.335424
0.086160
0.080940
0.022658
-0.170539
-0.183743
-0.024016
0.068543
-0.153252
-0.236223
-0.065152
-0.041687
-0.228440
0.035073
0.174911
-0.177894
-0.459572
0.169201
0.284558
-0.141973
-0.011092
-0.004173
-0.028560
-0.461002
0.017112
-0.323365
0.019289
0.004442
-0.089851
0.201285
0.020819
-0.150993
-0.188215
0.058477
0.022378
0.014969
-0.118693
-0.124236
0.028801
0.037766
0.047100
0.040995
0.026686
-0.128795
-0.189103
-0.036498
0.012685
-0.215057
0.101069
0.174849
-0.010612
0.328487
0.262773
0.154747
-0.084213
0.039580
-0.154609
-0.371449
0.287289
-0.009670
0.134071
0.072427
-0.009895
-0.056418
-0.294435
-0.141001
0.034467
-0.061710
-0.101252
-0.027390
-0.079193
-0.027067
-0.124827
0.070958
0.196134
-0.206840
-0.216599
0.175151
-0.011074
-0.052518
0.068185
0.097541
-0.098553
0.154706
-0.100497
0.311345
0.007588
0.003466
-0.061443
0.197019
0.113351
0.296877
0.009084
-0.207295
-0.158775
0.033560
0.061016
-0.091070
-0.041081
-0.000567
0.131098
0.010110
-0.018094
-0.335011
0.049226
-0.063672
-0.084708
0.066676
0.123291
0.198687
0.209276
0.215858
-0.000442
0.080880
0.003434
-0.092792
0.039060
-0.006803
0.009418
-0.226466
0.019274
0.046318
-0.295407
-0.098767
0.119546
0.153701
-0.201781
-0.115852
0.002880
-0.052844
-0.106233
0.068594
0.047258
0.107475
0.214256
0.074073
0.158853
0.102121
-0.049080
0.171973
-0.017242
-0.126644
-0.063660
0.147576
-0.059266
-0.201635
0.088086
-0.243325
0.220470
-0.207653
-0.246292
-0.016353
-0.020116
0.114503
-0.218086
-0.074772
0.125758
0.009376
0.093409
0.147493
-0.161243
0.016827
0.057575
-0.060529
-0.047830
0.185640
-0.150981
0.035096
0.156154
-0.251461
0.160170
-0.321655
0.110181
-0.197015
-0.230558
0.230709
-0.058573
-0.277758
0.076973
-0.119225
0.048506
0.124476
-0.004556
-0.082239
0.022779
0.185919
0.238503
-0.137272
-0.255752
-0.182308
0.129453
0.120325
0.173610
0.164448
0.095602
-0.016565
0.255310
0.063406
0.006895
-0.072066
0.040818
0.021574
0.064159
-0.121806
0.008820
0.101125
0.032749
0.014196
-0.262399
0.019010
0.095480
0.128646
-0.112566
-0.022222
-0.050948
0.050694
-0.115083
-0.126815
0.056184
0.102165
0.230736
0.023132
-0.472790
0.076860
0.086583
-0.101435
-0.162128
0.112293
0.221772
0.000594
0.048514
-0.020471
0.061588
0.061749
-0.077247
-0.081567
0.076990
-0.016285
0.138361
-0.054790
-0.218373
-0.013414
-0.224743
-0.352242
-0.076118
-0.158539
0.201532
-0.069562
-0.095682
0.252322
0.092733
-0.070531
-0.239695
-0.055128
0.143879
0.012455
0.012634
0.106076
0.003040
0.016904
-0.123909
-0.160989
-0.039651
-0.071138
0.115626
-0.008856
-0.266175
0.064780
-0.067173
-0.098922
-0.179296
-0.234661
-0.044649
0.207702
0.009363
0.163491
0.048109
0.294953
0.184899
-0.105981
0.032681
-0.304265
-0.273758
0.190360
-0.325350
-0.045539
0.001768
0.048765
-0.091683
-0.029512
0.070534
-0.237528
-0.070240
-0.132619
-0.128200
-0.071568
0.193397
-0.160373
-0.046621
-0.002046
-0.007254
0.053537
0.200370
0.154595
0.022025
0.017346
-0.318088
0.174474
0.181528
0.243552
-0.124632
0.029150
-0.073132
-0.012119
-0.046023
0.098300
0.151910
-0.254813
-0.265790
-0.101479
-0.042152
-0.057594
-0.038727
0.036246
0.194893
-0.211088
0.143967
0.088738
0.216987
-0.332387
-0.089746
0.006745
0.061633
-0.003135
0.266003
-0.072177
0.098899
0.017727
0.325616
0.105934
0.194385
0.314787
-0.260490
-0.061107
0.267664
0.012667
-0.190675
-0.220331
-0.268165
0.008853
-0.003461
-0.149711
0.034523
-0.025423
0.265195
0.144057
0.070971
-0.187106
-0.123945
0.272021
0.052628
0.141280
-0.172100
0.088710
-0.098165
0.001543
0.200091
0.186040
-0.181943
0.022644
-0.086794
-0.099507
0.014668
-0.414828
-0.046346
0.066963
0.306394
0.041531
0.125058
0.079222
-0.110188
-0.130386
-0.144258
-0.071247
-0.070519
-0.228574
-0.193098
-0.226328
-0.231407
-0.217052
-0.008597
0.034883
0.021430
0.095201
0.130142
-0.140269
0.018318
-0.048233
-0.226176
-0.213999
0.126097
-0.237245
0.190558
0.173036
0.175208
0.036070
-0.136598
0.062274
-0.004933
-0.095940
0.054292
-0.144994
0.423149
0.004359
-0.293234
0.229376
-0.150289
0.150269
0.038616
-0.312073
0.381105
-0.061803
0.127509
-0.071582
-0.134599
0.095629
0.049111
-0.087551
0.147810
-0.057855
-0.114676
0.019457
-0.072752
0.184909
0.047347
0.110148
0.167801
0.181554
0.176668
-0.094648
-0.257646
0.036670
-0.124734
-0.323548
-0.101972
0.013583
-0.054431
0.037175
-0.057328
-0.205703
-0.195009
-0.151842
-0.219014
0.099188
0.083263
0.121240
-0.057869
-0.000550
-0.262784
0.207449
-0.279000
0.149194
0.029590
-0.305981
-0.094781
0.127851
0.186070
-0.194896
0.223400
0.055122
-0.051596
0.052636
-0.148695
-0.092087
0.068177
-0.098017
0.047942
0.033220
-0.001103
0.058410
-0.225195
0.017479
0.123062
0.149357
-0.149186
0.058215
-0.212049
-0.077409
0.235059
0.111516
0.199139
0.012074
0.304725
-0.215329
0.036987
0.138749
-0.394674
-0.125238
-0.201380
-0.019153
-0.100967
0.065342
0.100028
0.255142
-0.138943
-0.043165
0.031975
-0.110363
0.104524
0.065218
0.013243
0.167959
-0.173606
0.104985
-0.141066
0.167232
-0.102224
-0.221966
-0.008156
0.112790
-0.199992
0.079335
-0.152947
-0.114424
-0.082619
0.205627
-0.169542
0.067826
-0.133879
-0.063886
0.135293
-0.041801
-0.169813
0.072525
0.011377
-0.096458
0.011089
-0.185198
-0.069033
-0.166612
-0.075513
0.086574
-0.026591
-0.090559
-0.002544
0.236966
-0.039906
-0.014788
-0.414076
-0.030816
-0.075155
-0.012002
-0.117344
-0.150033
0.052121
-0.117997
-0.043597
-0.201077
-0.245536
0.122314
-0.212945
0.086729
-0.115709
-0.029883
0.044481
0.103678
-0.038781
-0.179878
0.026343
0.438107
0.182133
0.037511
0.218912
0.020538
0.002106
-0.036236
0.190123
-0.287960
0.113587
0.264268
-0.099195
0.021608
0.133386
0.005805
0.170586
0.019577
0.023953
0.080709
0.037604
-0.016971
-0.084626
-0.020472
0.160705
0.092241
0.050505
-0.205943
0.088763
0.085218
0.071371
-0.232624
-0.162960
0.066425
-0.084766
-0.122667
0.078862
0.215071
-0.186388
0.014484
-0.127925
0.038352
-0.185091
0.048866
0.072330
0.066539
-0.029682
-0.210060
-0.090209
-0.178918
-0.030475
0.005339
0.021366
-0.029529
0.021219
0.270470
-0.256705
-0.025177
0.150815
-0.038445
-0.212054
-0.054859
0.055780
-0.064484
0.008995
-0.088134
-0.081371
-0.251062
-0.102209
0.181888
0.094499
-0.036258
-0.034531
-0.029702
-0.081239
0.014739
-0.140637
-0.038681
-0.288883
-0.156540
-0.007443
-0.252708
0.158025
0.206018
0.161296
0.001415
-0.221705
0.290298
-0.143907
0.192264
0.115480
-0.126078
0.094445
-0.211851
0.048611
-0.211290
0.094856
0.123088
0.010923
-0.121400
-0.330678
0.181642
0.249431
-0.114536
-0.245864
0.145670
-0.051430
-0.248030
0.082752
-0.146235
-0.068592
0.193990
-0.219008
0.212415
0.130873
0.063139
-0.132488
-0.219760
0.010996
-0.408964
0.039140
-0.262847
0.032773
0.043308
0.004032
-0.133411
0.145040
0.364918
0.269207
0.043837
-0.132996
-0.169272
-0.136808
-0.069045
-0.072100
-0.193583
-0.323719
-0.067765
0.123865
0.033571
-0.087386
-0.138930
0.166095
0.055231
-0.049370
-0.268094
-0.167838
-0.328794
0.655565
-0.074667
0.188980
-0.126245
-0.149399
-0.144239
0.212840
-0.031202
-0.191223
0.271230
-0.018891
0.067615
0.009117
-0.167016
0.056141
-0.179933
-0.132540
-0.197394
0.010137
-0.100243
-0.003349
-0.068341
-0.092892
0.017532
0.056939
0.327949
-0.154486
-0.200782
0.046544
0.079145
0.136463
-0.080854
-0.007556
0.148534
-0.096694
0.004636
-0.040699
-0.040343
0.164640
-0.185597
-0.020866
-0.107920
0.222508
-0.021756
-0.092874
-0.129702
0.029261
0.192916
-0.249214
-0.018784
-0.050591
0.037562
-0.155057
-0.017438
0.183311
-0.075379
0.057558
-0.033124
-0.129391
0.101496
-0.237216
-0.081902
0.061606
0.039842
0.138285
0.136640
0.178614
0.175833
0.071580
-0.154036
0.072280
-0.089513
0.008235
-0.054694
0.071833
0.152945
-0.374519
-0.061860
-0.078355
-0.168958
-0.033313
-0.288260
0.192705
-0.006250
0.014469
-0.077786
0.281921
0.048271
-0.389349
0.295841
0.203463
-0.169688
0.337740
-0.040757
0.047513
0.250062
0.021397
0.207242
-0.104667
0.126261
0.042184
0.027541
0.045934
0.046231
0.063621
-0.127942
0.070107
-0.263086
0.140005
0.103815
-0.113754
-0.257725
0.117676
0.097273
0.046147
0.040690
0.138030
0.007933
-0.066672
-0.036860
0.073215
-0.173549
-0.291943
0.143610
-0.011580
0.146083
-0.193805
0.111747
0.116136
-0.116878
0.075995
0.094560
0.009334
-0.245657
-0.144514
0.013455
0.203964
0.175828
0.185201
0.043405
-0.249891
0.117560
-0.039631
-0.125548
0.102034
-0.007194
0.291875
-0.000275
-0.327210
-0.033680
0.132938
0.035680
-0.239814
0.282428
-0.206043
0.066668
-0.117656
-0.039425
-0.019859
0.189668
-0.115354
0.003801
-0.180106
-0.059318
-0.223128
-0.026492
-0.022047
0.115650
-0.093390
-0.070996
-0.046296
-0.162649
-0.161567
-0.096880
-0.254735
0.195252
0.078917
0.003680
0.013893
0.108735
-0.277724
0.061985
-0.076483
-0.145602
-0.050856
0.009942
0.148209
-0.042702
0.050151
0.058943
0.064897
-0.125487
-0.081762
-0.111502
0.304598
0.157613
-0.128993
-0.177498
-0.166335
0.144525
-0.049241
0.151601
-0.081840
-0.181631
0.025062
-0.053780
-0.075815
-0.016146
-0.098328
0.326838
-0.291877
0.017130
-0.080588
0.197006
0.029231
-0.020991
0.069516
-0.015344
-0.100159
-0.021920
-0.046376
0.057543
-0.129029
0.074323
-0.160902
0.163182
0.048138
-0.182127
-0.065710
-0.181310
-0.030892
-0.056313
-0.096810
-0.145423
0.307227
-0.099379
0.017566
-0.062083
0.011123
-0.074629
-0.046964
0.129386
-0.111136
-0.116137
0.115205
-0.013627
-0.012428
-0.345802
0.011830
0.115115
-0.026415
0.323566
0.202307
-0.088678
0.119902
-0.050772
-0.021278
0.018182
-0.202290
-0.161950
0.180663
-0.096554
0.018653
0.110554
-0.040987
-0.081332
-0.133674
-0.000393
0.288658
-0.009688
-0.282473
-0.156328
-0.031140
0.051369
-0.110109
-0.012513
-0.240437
0.122272
-0.097790
0.087795
0.078315
0.259732
-0.068255
0.125825
0.238105
0.035572
-0.161339
-0.072974
0.000625
0.050727
-0.002973
0.161217
-0.147989
0.002033
-0.075019
0.316325
-0.281961
-0.202987
-0.302217
0.075442
-0.233416
-0.195866
0.118371
-0.362573
-0.243915
0.213760
-0.046180
0.130366
-0.083167
-0.120870
-0.261205
-0.066443
-0.195379
0.101026
0.069895
-0.030326
-0.205740
0.052650
-0.177555
-0.061952
0.324469
-0.240752
-0.377729
-0.131840
-0.210153
-0.253586
-0.276816
0.218655
0.102819
0.432661
-0.083330
0.162713
-0.171601
0.372667
-0.039688
0.006500
0.343315
0.343157
-0.191964
-0.044584
0.114661
0.291555
-0.200473
-0.021578
0.016771
-0.081461
0.323860
0.124745
-0.015841
-0.098708
-0.177690
-0.150574
-0.325038
-0.031301
0.115187
-0.132380
-0.041285
0.090772
0.072217
0.008547
0.023336
0.283307
0.043602
0.083075
-0.231443
-0.015047
0.021449
0.008261
0.087077
-0.160162
-0.201352
0.019850
-0.243653
-0.005210
0.296243
0.049292
0.074272
-0.199867
0.202679
0.113401
-0.192706
-0.006377
0.049111
0.100501
-0.064638
-0.083106
-0.118550
0.024336
-0.013999
-0.321748
-0.038088
0.001198
-0.002191
-0.056632
-0.035444
0.104336
0.056596
0.127338
-0.148450
-0.101043
0.336190
-0.199851
-0.112881
-0.061623
0.128383
-0.014921
-0.089118
-0.083579
0.023634
0.149461
-0.005627
0.074608
0.065793
-0.068386
0.106377
0.131220
-0.015426
-0.232319
0.276510
0.161212
-0.028639
-0.011116
-0.107313
-0.194770
0.083382
0.106637
0.146980
0.036756
-0.177157
-0.310669
0.099842
-0.282894
-0.012473
-0.192454
-0.049084
-0.122738
0.022537
0.210902
-0.253192
0.177197
-0.107705
-0.324219
-0.091515
0.174588
-0.061891
-0.088731
-0.048148
0.054534
0.349187
0.032033
0.212298
0.224464
0.020040
0.084384
0.148788
0.057254
0.044068
0.011217
0.044122
-0.136184
-0.076255
0.354492
0.009357
0.031632
-0.038775
-0.109367
0.002530
-0.090131
-0.150617
0.279986
-0.049245
0.119191
-0.055282
-0.153181
0.177560
-0.221991
-0.148951
0.102271
-0.080254
0.161922
-0.129928
-0.175270
-0.208962
0.136305
-0.252579
-0.146490
-0.112670
0.022339
-0.095464
0.184623
-0.230617
0.224016
0.170719
0.117753
0.115747
-0.099810
-0.225977
0.026263
0.141408
0.011843
0.047227
0.133151
0.395099
0.076992
0.184343
0.340845
-0.154665
0.039727
-0.340090
0.137401
0.045908
0.023325
0.026773
0.011126
0.339270
-0.050213
0.100356
-0.065852
-0.096065
0.022569
-0.290270
0.169693
0.289618
0.008371
-0.068120
0.311954
0.145069
-0.093831
-0.070425
0.252818
-0.182686
0.180361
-0.035389
-0.057497
0.097134
0.000769
-0.198031
0.127785
-0.043093
-0.193000
-0.197960
0.124192
0.026112
0.038039
0.038971
-0.031103
-0.248936
0.005257
-0.203013
0.011638
0.149801
-0.085565
-0.050342
-0.081367
-0.214059
0.062360
-0.142537
-0.070981
-0.093436
-0.131073
0.213711
0.048990
0.216552
-0.037258
-0.037965
0.008622
-0.079742
-0.128566
-0.027928
0.049095
0.161684
0.276187
-0.090423
-0.075926
0.144166
-0.278387
0.051372
-0.000520
-0.090508
-0.138068
0.050581
0.263183
0.147622
0.121464
0.186953
0.125265
-0.017141
0.102632
0.223514
-0.163143
-0.017958
0.058838
0.033006
-0.144967
0.081048
0.168411
-0.090424
-0.087843
0.067506
-0.075050
-0.072610
-0.103412
0.010735
-0.156231
-0.065861
-0.022150
-0.063173
0.048155
-0.099203
-0.087218
-0.149908
0.090311
0.004713
-0.094735
0.004765
-0.177941
-0.090389
-0.101446
0.211557
-0.096740
0.041040
0.111392
0.070899
0.238614
-0.157251
-0.017123
-0.234720
-0.128667
-0.153401
-0.124064
0.037010
0.115819
0.031353
-0.038902
-0.101266
-0.132139
0.068143
0.129652
-0.058912
-0.000129
0.120933
-0.166680
0.012933
0.001586
0.052509
0.165782
0.042322
-0.111561
-0.101021
0.119850
0.026217
-0.212491
0.072615
0.084939
0.063067
0.089942
0.348661
0.019658
-0.254138
0.170436
0.003128
-0.065006
-0.252201
0.006710
0.071751
0.043079
-0.132256
0.138371
-0.068464
-0.307154
0.003186
-0.495120
-0.086981
0.018669
0.108405
-0.090632
0.052798
0.029344
-0.044296
-0.171682
0.067616
-0.151657
-0.068956
0.334803
0.170146
0.011813
-0.106735
-0.057939
0.086000
0.021068
-0.018686
0.086356
0.144580
0.137544
-0.041238
-0.048264
-0.257622
0.143392
0.040403
0.073075
0.009528
0.286987
-0.063235
-0.039942
0.169610
0.095791
-0.151740
-0.235428
0.086122
-0.190314
-0.236971
-0.137211
0.148849
-0.344463
-0.054094
-0.162992
-0.000962
-0.014044
-0.328627
0.087271
0.089905
-0.121078
-0.123114
-0.259599
0.161633
0.013836
0.051269
-0.096401
-0.198642
-0.303292
0.204464
0.014213
-0.072748
0.196428
0.002869
0.069245
-0.293241
0.080503
-0.193416
0.006771
0.128869
0.084475
-0.039942
-0.048791
0.158973
-0.028725
0.071334
0.111288
-0.096350
0.114666
-0.100104
-0.098046
0.042476
