#        weight    minuslogpost            logA             n_s              H0         omega_b       omega_cdm        tau_reio             A_s         rs_drag       chi2__BAO       chi2__CMB   minuslogprior minuslogprior__0            chi2 chi2__planck_2018_lowl.TT chi2__planck_2018_lowl.EE chi2__bao.sixdf_2011_bao chi2__bao.sdss_dr7_mgs chi2__bao.sdss_dr12_consensus_bao
             14       201.85973       2.9122131       0.9330524       70.360414     0.024680983      0.13806111     0.048863353    1.839747e-09       140.24257       5.4433666       416.62303      -9.1734683       -9.1734683        422.0664                 21.038573                 395.58446               0.12085725               0.831571                         4.4909383
              2       200.16169        2.917828      0.93851077       71.596227     0.024159166       0.1334556      0.04735587   1.8501059e-09       141.84192       6.6035195       416.77805      -11.529098       -11.529098       423.38157                 21.008146                 395.76991              0.059930198              2.5638552                         3.9797341
              2       200.64864       2.9216407      0.94356519       72.333798     0.024366635      0.13443755     0.045638458   1.8571732e-09       141.39928       9.0522322       416.76936       -12.26216        -12.26216       425.82159                  20.69876                  396.0706               0.15773821              3.0980476                         5.7964464
              2        200.5994       2.9210204      0.94359316       72.269876     0.024310277      0.13420016     0.046019632   1.8560217e-09       141.51225       9.0061924       416.62967      -12.218535       -12.218535       425.63586                 20.643249                 395.98642               0.15614611              3.0905962                         5.7594501
              1       201.32804       2.9199966      0.94638232       72.655898     0.024211135      0.13501114     0.046502921   1.8541225e-09       141.42162       11.256204        416.2489      -12.424506       -12.424506        427.5051                 20.270255                 395.97864                0.2476879              3.4606892                         7.5478269
              1       201.35303        2.920068      0.94631366       72.658303      0.02420812      0.13502107     0.046521846   1.8542549e-09       141.42234       11.278168       416.27861      -12.425358       -12.425358       427.55678                 20.277776                 396.00083               0.24854242              3.4638206                         7.5658054
              5       199.21703       2.9141937      0.94342358       71.102299     0.024397824      0.13833668     0.054982241   1.8433942e-09        140.4612       4.2145557       415.73351         -10.757          -10.757       419.94807                 19.783281                 395.95023             0.0092998303              1.4904414                         2.7148144
              1       198.79735       2.9164417      0.96054353       71.562633     0.023757644      0.13986399     0.051216595   1.8475429e-09       140.75124       5.1324735       415.42969      -11.483734       -11.483734       420.56217                  19.69867                 395.73103             0.0078589978              2.0676394                         3.0569751
              1       198.80722       2.9164206      0.96036249       71.555157     0.023746351      0.13987471      0.05117821    1.847504e-09       140.76016       5.1263699       415.43507      -11.473496       -11.473496       420.56144                 19.684799                 395.75027             0.0077234202              2.0652855                         3.0533609
              2       198.95481       2.9177414       0.9604313       71.638242     0.023696236      0.13928275     0.052645685   1.8499458e-09       140.94736       5.6409188       415.43744      -11.584366       -11.584366       421.07836                 19.676617                 395.76082              0.019378384              2.2318776                         3.3896629
              1       198.75255       2.9137013      0.95936389       71.360305     0.023928357      0.13979569     0.051532652   1.8424868e-09       140.59528       4.4857487       415.39625      -11.188448       -11.188448         419.882                 19.695173                 395.70108            2.4641146e-05              1.8019965                         2.6837276
              1        198.7417       2.9136814      0.95923341       71.380248     0.023920753      0.13978441     0.051074203   1.8424502e-09       140.60547       4.5304067       415.39146      -11.219235       -11.219235       419.92187                 19.681026                 395.71044            0.00015223375              1.8248098                         2.7054446
              2       200.22427       2.9042052      0.94343906        70.61483     0.023450304      0.13751363     0.055661189   1.8250732e-09       141.60913       4.1933684       415.80285      -9.7738433       -9.7738433       419.99622                 19.565296                 396.23756             0.0043795251              1.5842271                         2.6047618
              1       199.86864       2.9085128      0.93632694       71.613027       0.0237247      0.13731921     0.056941535   1.8329519e-09       141.37493       6.1660649       416.67401      -11.551394       -11.551394       422.84008                 20.124184                 396.54983              0.036546863              2.3984813                         3.7310368
              2       200.16134       2.9162618      0.93887004       72.080589     0.023861166      0.13702196     0.055444354   1.8472105e-09       141.30564       7.9866588       416.47042      -12.067196       -12.067196       424.45708                 20.275244                 396.19518               0.10051631              2.8293047                         5.0568377
              2       199.79558       2.9164479       0.9481112       71.568359     0.024079062      0.13942523     0.063247991   1.8475543e-09       140.53016       4.8179925       417.75625      -11.491539       -11.491539       422.57425                 19.495372                 398.26088             0.0029661329              1.9539194                         2.8611069
              4       199.46292       2.9130788      0.94647778       71.521721     0.024576387      0.13864468     0.062604758   1.8413403e-09       140.21345       4.4427439       417.33725      -11.427078       -11.427078          421.78                 19.507339                 397.82991            0.00012242997              1.7437315                           2.69889
              3       199.40251       2.9040823      0.94819973       71.587668     0.024141917       0.1388631     0.061245781    1.824849e-09        140.5963       4.9186893       416.92161       -11.51764        -11.51764        421.8403                  19.50512                 397.41649             0.0046756147               1.995839                         2.9181747
              1       199.45509       2.9022696      0.95026334       71.205511     0.024263231      0.13877802     0.060045638   1.8215441e-09       140.49439       4.2459581       416.53819       -10.93698        -10.93698       420.78415                 19.570461                 396.96773              0.003546579              1.6008793                         2.6415323
              4       199.13064       2.9035096      0.94344465       71.615194     0.024093157      0.13823252     0.057982574   1.8238041e-09       140.79041       5.2182695        416.1515      -11.554251       -11.554251       421.36977                  19.55592                 396.59558              0.010884692              2.1104997                         3.0968852
              3       199.45627       2.9043201      0.94324839       71.777584     0.023979167      0.13914919     0.060308858    1.825283e-09       140.69361       5.6146302       416.80987      -11.755979       -11.755979        422.4245                  19.52663                 397.28324               0.01964223               2.231986                          3.363002
              2       199.25521       2.9023795       0.9519893       71.115651     0.024241541      0.13810577     0.057089996   1.8217442e-09       140.67077       4.2639498       415.80814      -10.780837       -10.780837       420.07209                 19.590065                 396.21807             0.0037271089              1.5946543                         2.6655683
              2       198.95101       2.9027456      0.94790369       71.200391      0.02443616      0.13738069     0.055084988   1.8224113e-09       140.64347       4.3568795       415.40171      -10.928284       -10.928284       419.75859                 19.511405                  395.8903             0.0018519972              1.6446778                         2.7103497
              7        199.1254       2.9017572      0.94706813       70.995908     0.024355885      0.13844396     0.051084268   1.8206109e-09       140.47808       4.1922981       415.18084      -10.561167       -10.561167       419.37314                  19.55233                 395.62851              0.015516551              1.4106857                         2.7660958
             10       199.69565       2.8995858      0.94278504       71.489823     0.024848587      0.13845012     0.064236868   1.8166618e-09       139.98883       4.3286054       417.82635      -11.381831       -11.381831       422.15496                 19.483405                 398.34295             0.0031233951              1.6061019                         2.7193801
              6       199.85747       2.8781931      0.95277049       71.978323     0.023578999      0.13753833     0.052058642   1.7782114e-09       141.47166       8.0641193       415.59411      -11.971648       -11.971648       423.65823                 19.891817                 395.70229              0.099010926              2.8254315                         5.1396769
              3       199.43466       2.8724746      0.94431377       71.855483     0.024029741      0.13510653     0.053734496   1.7680717e-09       141.58364       7.3169929       415.24051      -11.844095       -11.844095        422.5575                 19.543125                 395.69739              0.082487707              2.7172756                         4.5172296
              8       201.79356       2.8702641       0.9524625       72.894139     0.024890275      0.13271852     0.061526753   1.7641677e-09       141.27858       11.615545       416.93733      -12.482873       -12.482873       428.55287                  20.20884                 396.72849               0.28875468              3.5883143                         7.7384758
              5       201.08893       2.8809817      0.96416284       72.871346     0.024724431      0.13601494     0.057160939    1.783177e-09       140.67237       10.093916       417.04307      -12.479559       -12.479559       427.13699                 21.164023                 395.87905               0.19937166               3.276171                         6.6183738
