#        weight    minuslogpost  theta_i_ridder     beta_ridder   minuslogprior minuslogprior__0            chi2 chi2__rs_gaussian
              3      -6.0206146       2.1197731    0.0096803493      -6.2146081       -6.2146081      0.38798698        0.38798698
              2      -5.9601153       2.1107514    0.0074127615      -6.2146081       -6.2146081      0.50898569        0.50898569
              1      -5.8962248       2.1161054      0.00732219      -6.2146081       -6.2146081      0.63676657        0.63676657
              1      -6.0604082       2.1353574    0.0053816865      -6.2146081       -6.2146081      0.30839981        0.30839981
              1      -6.2093365       2.1409772    0.0059392379      -6.2146081       -6.2146081     0.010543258       0.010543258
              3      -6.2067943       2.1409155    0.0059723281      -6.2146081       -6.2146081     0.015627522       0.015627522
              2      -6.1562091       2.1360256    0.0076232724      -6.2146081       -6.2146081      0.11679802        0.11679802
              1      -6.2146081        2.137621    0.0072924389      -6.2146081       -6.2146081   2.4365337e-08     2.4365337e-08
              1      -6.2146047       2.1578924    0.0083195458      -6.2146081       -6.2146081   6.8951744e-06     6.8951744e-06
              1      -6.2056693       2.1504027    0.0097977432      -6.2146081       -6.2146081     0.017877585       0.017877585
              3      -6.1489175       2.1472133    0.0094830836      -6.2146081       -6.2146081      0.13138127        0.13138127
              1      -3.1327812       2.1569708     0.010946507      -6.2146081       -6.2146081       6.1636537         6.1636537
              7      -6.2071901       2.1627838     0.010117762      -6.2146081       -6.2146081     0.014836061       0.014836061
              1      -2.9273547       2.1560485     0.010043866      -6.2146081       -6.2146081       6.5745069         6.5745069
              1      -4.0098958       2.1576122     0.011325505      -6.2146081       -6.2146081       4.4094246         4.4094246
              2      -3.8964006       2.1155768     0.011838372      -6.2146081       -6.2146081        4.636415          4.636415
              1      -4.7533813       2.1029644      0.01230406      -6.2146081       -6.2146081       2.9224536         2.9224536
              1      -5.1469757       2.1072456     0.012342305      -6.2146081       -6.2146081       2.1352647         2.1352647
              3      -5.1147085        2.106095     0.013630285      -6.2146081       -6.2146081       2.1997991         2.1997991
              1      -5.2054494       2.1091273     0.013476205      -6.2146081       -6.2146081       2.0183173         2.0183173
              2      -5.3930037       2.1096462     0.013578322      -6.2146081       -6.2146081       1.6432088         1.6432088
              3      -5.4622363       2.1105254     0.014787029      -6.2146081       -6.2146081       1.5047436         1.5047436
              1      -5.8214934       2.1086876     0.014556538      -6.2146081       -6.2146081      0.78622948        0.78622948
              1      -5.6611033       2.1321107     0.012688948      -6.2146081       -6.2146081       1.1070097         1.1070097
              1      -5.6287635       2.1021009     0.013338236      -6.2146081       -6.2146081       1.1716892         1.1716892
              2      -5.9800118       2.0984063     0.011630616      -6.2146081       -6.2146081       0.4691925         0.4691925
              6      -5.7103144       2.0914744     0.012536553      -6.2146081       -6.2146081       1.0085874         1.0085874
              2      -5.1274698       2.1094588    0.0094135327      -6.2146081       -6.2146081       2.1742765         2.1742765
              2      -4.8680144        2.100577     0.010641219      -6.2146081       -6.2146081       2.6931875         2.6931875
              1      -5.2147893       2.0992996     0.013229837      -6.2146081       -6.2146081       1.9996377         1.9996377
              2      -4.5132227       2.1246284     0.013159272      -6.2146081       -6.2146081       3.4027709         3.4027709
             19      -4.8860161       2.1548487     0.013517879      -6.2146081       -6.2146081        2.657184          2.657184
              1      -3.4641479       2.1523749     0.013647723      -6.2146081       -6.2146081       5.5009203         5.5009203
              1      -4.1182258        2.136356     0.014537863      -6.2146081       -6.2146081       4.1927646         4.1927646
              1      -4.6313133       2.1207834     0.011735428      -6.2146081       -6.2146081       3.1665895         3.1665895
              1      -4.2550622       2.1309391      0.01026306      -6.2146081       -6.2146081       3.9190918         3.9190918
              2      -4.5413104        2.169478     0.012921273      -6.2146081       -6.2146081       3.3465954         3.3465954
              1      -5.0437435       2.1922709     0.011589512      -6.2146081       -6.2146081       2.3417292         2.3417292
              1      -4.4776249       2.1894958     0.011726447      -6.2146081       -6.2146081       3.4739664         3.4739664
              1      -4.6426662       2.1706426    0.0079057025      -6.2146081       -6.2146081       3.1438838         3.1438838
              1       -4.728511       2.1347693    0.0088212791      -6.2146081       -6.2146081       2.9721941         2.9721941
              1      -5.0727181       2.1306318    0.0072001682      -6.2146081       -6.2146081       2.2837799         2.2837799
              1      -4.2226249       2.1407421    0.0084353582      -6.2146081       -6.2146081       3.9839664         3.9839664
              1      -5.0327182       2.1310969    0.0092248422      -6.2146081       -6.2146081       2.3637799         2.3637799
              2      -5.2711017       2.1292952    0.0094740135      -6.2146081       -6.2146081       1.8870128         1.8870128
              1      -5.2393239       2.1336434     0.010495959      -6.2146081       -6.2146081       1.9505683         1.9505683
              3      -5.7204192       2.0918223     0.012275358      -6.2146081       -6.2146081      0.98837771        0.98837771
              1      -5.3888706       2.0884765     0.010433553      -6.2146081       -6.2146081        1.651475          1.651475
              1      -4.8014643       2.1121397      0.01000369      -6.2146081       -6.2146081       2.8262875         2.8262875
              1       -5.992749       2.1313638    0.0076923503      -6.2146081       -6.2146081      0.44371817        0.44371817
              1       -6.122224       2.1645372     0.010451478      -6.2146081       -6.2146081      0.18476822        0.18476822
              1      -6.2010734        2.169408    0.0095460736      -6.2146081       -6.2146081     0.027069469       0.027069469
              5      -6.2133433       2.1960176      0.01097759      -6.2146081       -6.2146081    0.0025295648      0.0025295648
              1      -6.2081752        2.185499     0.010563304      -6.2146081       -6.2146081     0.012865849       0.012865849
              1      -6.0947948       2.1931694    0.0086157932      -6.2146081       -6.2146081      0.23962653        0.23962653
              1      -4.2721274       2.1527835    0.0082470394      -6.2146081       -6.2146081       3.8849614         3.8849614
              6      -6.1504116        2.153487    0.0074765203      -6.2146081       -6.2146081      0.12839299        0.12839299
              1      -4.3080555       2.1492793    0.0069479479      -6.2146081       -6.2146081       3.8131052         3.8131052
              2      -4.3991152        2.168644    0.0066748661      -6.2146081       -6.2146081       3.6309858         3.6309858
              2      -6.1784722       2.1668167     0.007006767      -6.2146081       -6.2146081     0.072271787       0.072271787
              1      -5.0554532       2.1694401    0.0079347307      -6.2146081       -6.2146081       2.3183097         2.3183097
              2      -5.3300535       2.1616725     0.008154326      -6.2146081       -6.2146081       1.7691091         1.7691091
              1      -5.7320263       2.1645163    0.0083786651      -6.2146081       -6.2146081      0.96516361        0.96516361
              1      -6.1669318       2.1583807      0.00794327      -6.2146081       -6.2146081     0.095352599       0.095352599
             10      -6.1796544        2.168882    0.0064634263      -6.2146081       -6.2146081     0.069907299       0.069907299
              1      -6.2144948       2.1924582     0.007032518      -6.2146081       -6.2146081    0.0002265535      0.0002265535
              1      -6.1731331       2.1939521     0.007830854      -6.2146081       -6.2146081     0.082950053       0.082950053
              1      -6.1760094       2.1588391     0.008487904      -6.2146081       -6.2146081      0.07719749        0.07719749
              1      -6.1920899       2.1604142    0.0081405381      -6.2146081       -6.2146081     0.045036447       0.045036447
              6      -6.1050878       2.1829387    0.0091619073      -6.2146081       -6.2146081      0.21904065        0.21904065
              1      -5.9651895       2.1618284     0.010233665      -6.2146081       -6.2146081      0.49883714        0.49883714
              1      -5.9150103       2.1562253     0.011149686      -6.2146081       -6.2146081      0.59919563        0.59919563
              1      -5.9997504       2.1406063     0.010194299      -6.2146081       -6.2146081      0.42971532        0.42971532
              3      -4.6073099       2.1521947    0.0072985262      -6.2146081       -6.2146081       3.2145964         3.2145964
              2       -6.122764       2.1111188    0.0061845676      -6.2146081       -6.2146081      0.18368816        0.18368816
              2      -5.6721623       2.1132488    0.0057378581      -6.2146081       -6.2146081       1.0848916         1.0848916
              2      -4.2739047       2.1176784    0.0055714261      -6.2146081       -6.2146081       3.8814068         3.8814068
              1      -5.3778544       2.1352604    0.0062490731      -6.2146081       -6.2146081       1.6735074         1.6735074
              1      -5.8329653        2.127137     0.010295177      -6.2146081       -6.2146081      0.76328568        0.76328568
              2      -5.7018887        2.106137    0.0098735583      -6.2146081       -6.2146081       1.0254388         1.0254388
              2      -5.3956733       2.0905021     0.011202241      -6.2146081       -6.2146081       1.6378697         1.6378697
              1      -5.0482229       2.1080469     0.013864254      -6.2146081       -6.2146081       2.3327705         2.3327705
             12      -6.0724364        2.043133     0.014595064      -6.2146081       -6.2146081       0.2843433         0.2843433
              2      -6.1923465       2.0237228     0.014731362      -6.2146081       -6.2146081     0.044523152       0.044523152
              2      -6.1784061       2.0313041     0.012063506      -6.2146081       -6.2146081     0.072403957       0.072403957
              1      -6.1697322       2.0248952     0.011064415      -6.2146081       -6.2146081     0.089751757       0.089751757
              1      -6.0574335       2.0549527     0.010468121      -6.2146081       -6.2146081      0.31434916        0.31434916
              1      -6.0285791       2.0338518     0.011708876      -6.2146081       -6.2146081      0.37205809        0.37205809
              6      -6.1830099       2.0208299     0.010601202      -6.2146081       -6.2146081     0.063196325       0.063196325
              2      -5.7974047       2.0275746    0.0082961827      -6.2146081       -6.2146081       0.8344068         0.8344068
              3      -4.9811601       2.0034964    0.0061937653      -6.2146081       -6.2146081       2.4668959         2.4668959
              2      -2.7960888       2.0383949     0.010367329      -6.2146081       -6.2146081       6.8370386         6.8370386
              3      -5.5068432       2.0267139    0.0098024678      -6.2146081       -6.2146081       1.4155298         1.4155298
              2      -5.0855492       2.0058875     0.011225654      -6.2146081       -6.2146081       2.2581179         2.2581179
              2      -5.0134769       2.0619296    0.0080633421      -6.2146081       -6.2146081       2.4022625         2.4022625
              1      -4.5754513       2.0143876    0.0069709571      -6.2146081       -6.2146081       3.2783137         3.2783137
              2      -5.1221109       2.0112171    0.0085573419      -6.2146081       -6.2146081       2.1849943         2.1849943
              1      -6.0948779       2.0352534    0.0098936772      -6.2146081       -6.2146081      0.23946038        0.23946038
              1      -6.1475869       2.0284554     0.010692834      -6.2146081       -6.2146081       0.1340423         0.1340423
              1      -5.9917304       2.0483678     0.011400144      -6.2146081       -6.2146081       0.4457553         0.4457553
              1      -6.0245346       2.0458998     0.012059007      -6.2146081       -6.2146081      0.38014707        0.38014707
              3      -5.9949739       2.0495777     0.011601443      -6.2146081       -6.2146081      0.43926847        0.43926847
              3      -6.1673059       2.0241746     0.011149111      -6.2146081       -6.2146081     0.094604422       0.094604422
              2      -6.1884137       2.0205505     0.012784272      -6.2146081       -6.2146081     0.052388837       0.052388837
              1      -6.1589975       2.0276888     0.012371097      -6.2146081       -6.2146081      0.11122123        0.11122123
              8      -6.0384103        2.046695     0.014003518      -6.2146081       -6.2146081      0.35239563        0.35239563
              1      -5.6317779       2.0554067     0.014888832      -6.2146081       -6.2146081       1.1656604         1.1656604
              5      -6.0340706       2.0511557     0.014724808      -6.2146081       -6.2146081      0.36107506        0.36107506
              1      -6.1563806       2.0790599    0.0091684251      -6.2146081       -6.2146081      0.11645497        0.11645497
              1      -6.0077767       2.1584946    0.0095123292      -6.2146081       -6.2146081      0.41366283        0.41366283
             24      -6.0903444        2.167086     0.013053839      -6.2146081       -6.2146081       0.2485273         0.2485273
              4      -6.1933269       2.1487448     0.012594745      -6.2146081       -6.2146081     0.042562387       0.042562387
              1      -6.2145268       2.1280581     0.013791196      -6.2146081       -6.2146081   0.00016260948     0.00016260948
              2      -6.1376398       2.0950784     0.010894645      -6.2146081       -6.2146081      0.15393652        0.15393652
              9      -6.1970059         2.15699     0.011792811      -6.2146081       -6.2146081     0.035204464       0.035204464
              1      -6.1485766        2.139214     0.012659819      -6.2146081       -6.2146081      0.13206293        0.13206293
              3      -5.8571444       2.1533371      0.01417709      -6.2146081       -6.2146081      0.71492738        0.71492738
              1      -6.0275311       2.0617626     0.012383314      -6.2146081       -6.2146081       0.3741539         0.3741539
              1      -6.2131892       2.0431547     0.011598197      -6.2146081       -6.2146081    0.0028378379      0.0028378379
              1      -6.2145699       2.0594981    0.0084850987      -6.2146081       -6.2146081   7.6298841e-05     7.6298841e-05
              2      -5.4318962       2.0738219    0.0092353589      -6.2146081       -6.2146081       1.5654239         1.5654239
              1       -4.624698       2.0556648     0.010001823      -6.2146081       -6.2146081       3.1798202         3.1798202
              1      -5.9921234       2.0452858    0.0089234786      -6.2146081       -6.2146081      0.44496932        0.44496932
