#        weight    minuslogpost  theta_i_ridder     beta_ridder   minuslogprior minuslogprior__0            chi2 chi2__rs_gaussian
              2      -6.0206146       2.1213268     0.013165121      -6.2146081       -6.2146081      0.38798698        0.38798698
              3      -4.1712664       2.1488234     0.012935407      -6.2146081       -6.2146081       4.0866833         4.0866833
              3      -5.9601153       2.1472058     0.014540613      -6.2146081       -6.2146081      0.50898569        0.50898569
              1      -5.8962248       2.1407683      0.01240052      -6.2146081       -6.2146081      0.63676657        0.63676657
              1      -6.0604082       2.1547671     0.011979431      -6.2146081       -6.2146081      0.30839981        0.30839981
              1      -6.2093365        2.149723     0.012488159      -6.2146081       -6.2146081     0.010543258       0.010543258
              3      -6.2067943       2.1464723     0.012165849      -6.2146081       -6.2146081     0.015627522       0.015627522
              2      -6.1562091       2.1720712     0.011658415      -6.2146081       -6.2146081      0.11679802        0.11679802
              1      -6.2146081       2.1812552     0.010864685      -6.2146081       -6.2146081   2.4365337e-08     2.4365337e-08
              3      -6.2146047       2.1952887     0.012488461      -6.2146081       -6.2146081   6.8951744e-06     6.8951744e-06
              3      -6.2056693       2.1866071     0.012015955      -6.2146081       -6.2146081     0.017877585       0.017877585
              6      -6.1489175       2.1919481     0.012260217      -6.2146081       -6.2146081      0.13138127        0.13138127
              9      -6.2071901       2.1985639      0.01134431      -6.2146081       -6.2146081     0.014836061       0.014836061
              2      -4.9388313       2.1854374     0.012231127      -6.2146081       -6.2146081       2.5515535         2.5515535
              1      -2.9273547       2.1818705     0.013870328      -6.2146081       -6.2146081       6.5745069         6.5745069
              1      -4.0098958       2.1762818     0.013748717      -6.2146081       -6.2146081       4.4094246         4.4094246
              2      -3.8964006       2.1993133     0.014796062      -6.2146081       -6.2146081        4.636415          4.636415
              1      -4.7533813       2.1691915     0.013259781      -6.2146081       -6.2146081       2.9224536         2.9224536
              1      -5.1469757       2.1812885     0.010887928      -6.2146081       -6.2146081       2.1352647         2.1352647
              3      -5.1147085       2.1717123    0.0092458187      -6.2146081       -6.2146081       2.1997991         2.1997991
              1      -5.2054494       2.1737156    0.0093431064      -6.2146081       -6.2146081       2.0183173         2.0183173
              1      -5.3930037       2.1732099    0.0094077916      -6.2146081       -6.2146081       1.6432088         1.6432088
              2       -4.753374       2.1586455     0.008269317      -6.2146081       -6.2146081       2.9224683         2.9224683
              1      -5.4622363       2.1834682    0.0067109654      -6.2146081       -6.2146081       1.5047436         1.5047436
              1      -5.8214934       2.1858737    0.0055079037      -6.2146081       -6.2146081      0.78622948        0.78622948
              2      -5.6611033       2.1975643    0.0057416474      -6.2146081       -6.2146081       1.1070097         1.1070097
              1      -5.6287635       2.1804053     0.005945202      -6.2146081       -6.2146081       1.1716892         1.1716892
              4      -5.9800118       2.1830826    0.0052313348      -6.2146081       -6.2146081       0.4691925         0.4691925
              1      -5.7103144       2.1772094    0.0079128651      -6.2146081       -6.2146081       1.0085874         1.0085874
              1        -4.81465       2.1482924      0.00727951      -6.2146081       -6.2146081       2.7999161         2.7999161
              4      -4.9617024       2.1613769    0.0052131021      -6.2146081       -6.2146081       2.5058113         2.5058113
              4      -5.1274698         2.15264     0.005123912      -6.2146081       -6.2146081       2.1742765         2.1742765
             10      -4.8680144       2.1388898    0.0051696906      -6.2146081       -6.2146081       2.6931875         2.6931875
              1      -4.4270972       2.1561685    0.0054597482      -6.2146081       -6.2146081       3.5750218         3.5750218
              1      -5.2147893       2.1526343    0.0075650803      -6.2146081       -6.2146081       1.9996377         1.9996377
              1      -4.5132227       2.1626305    0.0095389039      -6.2146081       -6.2146081       3.4027709         3.4027709
              9      -4.8860161       2.1547097    0.0099400439      -6.2146081       -6.2146081        2.657184          2.657184
              1      -2.0170907       2.1300305     0.011036999      -6.2146081       -6.2146081       8.3950348         8.3950348
              4      -4.1236264       2.1086458    0.0062258985      -6.2146081       -6.2146081       4.1819633         4.1819633
              1      -4.1182258       2.1110244    0.0060130552      -6.2146081       -6.2146081       4.1927646         4.1927646
              2      -4.6313133       2.1192336      0.01228508      -6.2146081       -6.2146081       3.1665895         3.1665895
              1      -4.5413104       2.1466161     0.012611628      -6.2146081       -6.2146081       3.3465954         3.3465954
              1      -3.6489183        2.144408     0.014463221      -6.2146081       -6.2146081       5.1313795         5.1313795
              3      -5.0437435        2.121771     0.014393973      -6.2146081       -6.2146081       2.3417292         2.3417292
              1      -4.6426662       2.0978574     0.012894925      -6.2146081       -6.2146081       3.1438838         3.1438838
              1       -4.728511       2.0917988     0.011001211      -6.2146081       -6.2146081       2.9721941         2.9721941
              3      -5.0727181       2.1028105     0.010648909      -6.2146081       -6.2146081       2.2837799         2.2837799
              2      -5.2711017       2.0949967     0.009493815      -6.2146081       -6.2146081       1.8870128         1.8870128
              1      -5.2393239       2.0960748     0.011395892      -6.2146081       -6.2146081       1.9505683         1.9505683
              1      -5.7204192       2.0741232     0.011520315      -6.2146081       -6.2146081      0.98837771        0.98837771
              1      -4.6719185       2.0696447     0.011808438      -6.2146081       -6.2146081       3.0853792         3.0853792
              1      -5.3888706       2.0669215     0.011385145      -6.2146081       -6.2146081        1.651475          1.651475
              1      -4.8014643        2.043769    0.0084014903      -6.2146081       -6.2146081       2.8262875         2.8262875
              1       -5.992749       2.0730648    0.0061281949      -6.2146081       -6.2146081      0.44371817        0.44371817
              1       -6.122224       2.0523905    0.0081911853      -6.2146081       -6.2146081      0.18476822        0.18476822
              1      -6.2010734       2.0219942    0.0051450114      -6.2146081       -6.2146081     0.027069469       0.027069469
              1      -6.2133433       2.0263073    0.0062569813      -6.2146081       -6.2146081    0.0025295648      0.0025295648
              3      -6.2081752        2.004635    0.0070976046      -6.2146081       -6.2146081     0.012865849       0.012865849
              2      -6.0947948       2.0280043    0.0092419136      -6.2146081       -6.2146081      0.23962653        0.23962653
              1      -6.1504116        2.025541    0.0064050092      -6.2146081       -6.2146081      0.12839299        0.12839299
              1      -3.8497891       2.0357748     0.006316146      -6.2146081       -6.2146081        4.729638          4.729638
              3      -4.4524574       2.0473332    0.0072334846      -6.2146081       -6.2146081       3.5243015         3.5243015
              1      -4.6769374       2.0388926    0.0089132004      -6.2146081       -6.2146081       3.0753414         3.0753414
              1      -4.3080555       2.0377654     0.012235206      -6.2146081       -6.2146081       3.8131052         3.8131052
              4      -4.3991152        2.017963     0.012168012      -6.2146081       -6.2146081       3.6309858         3.6309858
              1      -5.0554532       2.0188875     0.012131646      -6.2146081       -6.2146081       2.3183097         2.3183097
              1      -5.3300535       2.0179221      0.01247727      -6.2146081       -6.2146081       1.7691091         1.7691091
              1      -5.0557503        2.011418     0.012295587      -6.2146081       -6.2146081       2.3177156         2.3177156
              2      -5.7320263        2.009601     0.014102465      -6.2146081       -6.2146081      0.96516361        0.96516361
              2      -6.1669318        2.030322      0.01490826      -6.2146081       -6.2146081     0.095352599       0.095352599
              3      -6.1796544       2.0238955     0.013144817      -6.2146081       -6.2146081     0.069907299       0.069907299
              3      -5.1067729       2.0235797     0.013141739      -6.2146081       -6.2146081       2.2156705         2.2156705
              3      -5.8331997       2.0128008     0.013322115      -6.2146081       -6.2146081      0.76281685        0.76281685
              1      -6.2144948       2.0002064     0.011886154      -6.2146081       -6.2146081    0.0002265535      0.0002265535
              1      -6.1731331       2.0262987     0.011828524      -6.2146081       -6.2146081     0.082950053       0.082950053
              1      -6.1760094       2.0265783     0.013094552      -6.2146081       -6.2146081      0.07719749        0.07719749
              4      -6.1920899       2.0208263     0.014374841      -6.2146081       -6.2146081     0.045036447       0.045036447
              5      -6.1050878        2.038381     0.012312645      -6.2146081       -6.2146081      0.21904065        0.21904065
              1      -4.9745845        2.036475     0.011319187      -6.2146081       -6.2146081       2.4800472         2.4800472
              1      -5.9651895       2.0303971     0.014238969      -6.2146081       -6.2146081      0.49883714        0.49883714
              1      -5.9150103       2.0080642     0.013774078      -6.2146081       -6.2146081      0.59919563        0.59919563
              8      -5.9997504       2.0328153     0.014846477      -6.2146081       -6.2146081      0.42971532        0.42971532
             12       -6.122764       2.0664083     0.014696907      -6.2146081       -6.2146081      0.18368816        0.18368816
              4      -5.3778544       2.0669855     0.014454988      -6.2146081       -6.2146081       1.6735074         1.6735074
              1      -5.8329653       2.0606194    0.0088889817      -6.2146081       -6.2146081      0.76328568        0.76328568
              2      -5.7018887        2.087855    0.0089506263      -6.2146081       -6.2146081       1.0254388         1.0254388
              2      -5.3956733       2.0858945    0.0083370386      -6.2146081       -6.2146081       1.6378697         1.6378697
              3      -4.5429962       2.0980349     0.010103275      -6.2146081       -6.2146081       3.3432238         3.3432238
              2      -5.0482229       2.0249337    0.0071806966      -6.2146081       -6.2146081       2.3327705         2.3327705
              1      -6.0724364       2.0161408    0.0062635578      -6.2146081       -6.2146081       0.2843433         0.2843433
              1      -6.1622736       2.0170627    0.0060857113      -6.2146081       -6.2146081      0.10466906        0.10466906
              2      -5.1594625       2.0853508    0.0068815544      -6.2146081       -6.2146081       2.1102911         2.1102911
              6      -6.0754313       2.1504541    0.0057522026      -6.2146081       -6.2146081      0.27835365        0.27835365
              4      -6.1923465       2.1919355    0.0092943357      -6.2146081       -6.2146081     0.044523152       0.044523152
              2      -6.1784061         2.14278     0.012076899      -6.2146081       -6.2146081     0.072403957       0.072403957
              5      -6.1697322       2.1636252     0.011808347      -6.2146081       -6.2146081     0.089751757       0.089751757
              2      -6.0285791       2.1777914     0.010600596      -6.2146081       -6.2146081      0.37205809        0.37205809
              4      -6.1830099       2.1904809     0.012036618      -6.2146081       -6.2146081     0.063196325       0.063196325
              8      -5.7974047       2.1804244     0.010706927      -6.2146081       -6.2146081       0.8344068         0.8344068
              2      -5.0855492       2.1054747     0.014887552      -6.2146081       -6.2146081       2.2581179         2.2581179
              5      -5.0134769       2.0835076     0.013204486      -6.2146081       -6.2146081       2.4022625         2.4022625
              1      -4.5754513       2.0991035    0.0098871958      -6.2146081       -6.2146081       3.2783137         3.2783137
              3      -5.1221109       2.1460051     0.014458858      -6.2146081       -6.2146081       2.1849943         2.1849943
              2      -6.0948779       2.0994915    0.0050342206      -6.2146081       -6.2146081      0.23946038        0.23946038
              1      -6.1475869       2.0992035    0.0080073184      -6.2146081       -6.2146081       0.1340423         0.1340423
              2      -5.9917304       2.0602802    0.0070498953      -6.2146081       -6.2146081       0.4457553         0.4457553
              1      -6.0245346       2.0639845    0.0058619671      -6.2146081       -6.2146081      0.38014707        0.38014707
              1      -5.9949739       2.0307811    0.0066986772      -6.2146081       -6.2146081      0.43926847        0.43926847
              5      -5.1538226        2.030466    0.0065763467      -6.2146081       -6.2146081       2.1215709         2.1215709
              1      -6.1673059       2.0810254    0.0056904476      -6.2146081       -6.2146081     0.094604422       0.094604422
              5      -6.1884137       2.1005578     0.014627853      -6.2146081       -6.2146081     0.052388837       0.052388837
              3      -6.0384103        2.119199     0.013021643      -6.2146081       -6.2146081      0.35239563        0.35239563
              3      -5.2318787        2.112775     0.013486061      -6.2146081       -6.2146081       1.9654587         1.9654587
              2      -5.6317779       2.0728512     0.010353934      -6.2146081       -6.2146081       1.1656604         1.1656604
              2      -6.0340706       2.0671442     0.010279401      -6.2146081       -6.2146081      0.36107506        0.36107506
              3      -6.1563806       2.0640901     0.010078818      -6.2146081       -6.2146081      0.11645497        0.11645497
              1      -6.0077767       2.1147481     0.012714256      -6.2146081       -6.2146081      0.41366283        0.41366283
             26      -6.0903444       2.1730142     0.013657367      -6.2146081       -6.2146081       0.2485273         0.2485273
              3      -6.1933269       2.1865871     0.011392721      -6.2146081       -6.2146081     0.042562387       0.042562387
              3      -6.2145268       2.1943075    0.0089816823      -6.2146081       -6.2146081   0.00016260948     0.00016260948
              1      -6.1970059       2.1830686    0.0062467849      -6.2146081       -6.2146081     0.035204464       0.035204464
              3      -5.8862041       2.1971602    0.0054463351      -6.2146081       -6.2146081       0.6568079         0.6568079
              2      -5.8481079       2.1806503     0.010107272      -6.2146081       -6.2146081      0.73300031        0.73300031
              1      -5.4270378       2.1875062     0.014903191      -6.2146081       -6.2146081       1.5751406         1.5751406
              1      -6.1485766       2.1633583     0.014977257      -6.2146081       -6.2146081      0.13206293        0.13206293
              1      -5.8571444       2.1300503     0.011123725      -6.2146081       -6.2146081      0.71492738        0.71492738
              1      -6.0275311       2.1540066    0.0071364019      -6.2146081       -6.2146081       0.3741539         0.3741539
              2      -6.2131892       2.1198448    0.0053840796      -6.2146081       -6.2146081    0.0028378379      0.0028378379
              4      -6.2145699       2.0986915    0.0078726287      -6.2146081       -6.2146081   7.6298841e-05     7.6298841e-05
              1      -5.9921234       2.1329945    0.0062601007      -6.2146081       -6.2146081      0.44496932        0.44496932
