#        weight    minuslogpost  theta_i_ridder     beta_ridder   minuslogprior minuslogprior__0            chi2 chi2__rs_gaussian
              1      -6.0206146        2.048013     0.012458305      -6.2146081       -6.2146081      0.38798698        0.38798698
              2      -4.1712664       2.0474437     0.012066941      -6.2146081       -6.2146081       4.0866833         4.0866833
              1      -5.9601153       2.0526794     0.012864125      -6.2146081       -6.2146081      0.50898569        0.50898569
              1      -5.8962248        2.059254     0.013543403      -6.2146081       -6.2146081      0.63676657        0.63676657
              3      -6.0604082       2.0449883     0.014924137      -6.2146081       -6.2146081      0.30839981        0.30839981
              1      -6.2093365       2.0111908     0.014078836      -6.2146081       -6.2146081     0.010543258       0.010543258
              3      -6.2067943       2.0134295     0.013183729      -6.2146081       -6.2146081     0.015627522       0.015627522
              2      -6.1562091       2.0297641     0.013400397      -6.2146081       -6.2146081      0.11679802        0.11679802
              1      -6.2146081       2.0066347     0.013663205      -6.2146081       -6.2146081   2.4365337e-08     2.4365337e-08
              1      -6.2146047       2.0043959     0.011692852      -6.2146081       -6.2146081   6.8951744e-06     6.8951744e-06
              8      -6.2056693       2.0124229     0.012387186      -6.2146081       -6.2146081     0.017877585       0.017877585
             16      -6.2071901       2.0123712     0.012387211      -6.2146081       -6.2146081     0.014836061       0.014836061
              1      -4.7533813        2.046181     0.012598093      -6.2146081       -6.2146081       2.9224536         2.9224536
              1      -5.1469757        2.045543     0.013620956      -6.2146081       -6.2146081       2.1352647         2.1352647
              1      -5.1147085        2.041143     0.012044154      -6.2146081       -6.2146081       2.1997991         2.1997991
              1      -4.6002627       2.0750061     0.011099219      -6.2146081       -6.2146081       3.2286907         3.2286907
              1      -5.2054494       2.0444512     0.012804217      -6.2146081       -6.2146081       2.0183173         2.0183173
              1      -5.3930037       2.0355842     0.011215173      -6.2146081       -6.2146081       1.6432088         1.6432088
              1       -4.753374       2.0641694    0.0096042907      -6.2146081       -6.2146081       2.9224683         2.9224683
              2      -5.4622363       2.0895872     0.014114709      -6.2146081       -6.2146081       1.5047436         1.5047436
              1      -5.8214934       2.0694831     0.013730223      -6.2146081       -6.2146081      0.78622948        0.78622948
              2      -5.6611033       2.0757197      0.01374776      -6.2146081       -6.2146081       1.1070097         1.1070097
              4      -5.6287635        2.078396     0.013344964      -6.2146081       -6.2146081       1.1716892         1.1716892
              3      -5.0211769       2.0818497     0.014168967      -6.2146081       -6.2146081       2.3868624         2.3868624
              2      -5.7103144       2.0730848     0.011747362      -6.2146081       -6.2146081       1.0085874         1.0085874
              3      -4.9617024       2.0923138     0.012734221      -6.2146081       -6.2146081       2.5058113         2.5058113
              1      -5.1274698       2.1146111     0.012252568      -6.2146081       -6.2146081       2.1742765         2.1742765
              2      -4.0098273       2.1171811     0.013442309      -6.2146081       -6.2146081       4.4095615         4.4095615
              1      -4.4270972        2.117428     0.013317174      -6.2146081       -6.2146081       3.5750218         3.5750218
              1      -5.2147893       2.1156922     0.014015462      -6.2146081       -6.2146081       1.9996377         1.9996377
              1      -4.5132227       2.1013239     0.013658302      -6.2146081       -6.2146081       3.4027709         3.4027709
              2      -4.8860161        2.091285     0.014715017      -6.2146081       -6.2146081        2.657184          2.657184
              3      -4.0346184       2.1004011     0.012658535      -6.2146081       -6.2146081       4.3599795         4.3599795
              1      -3.4402565       2.0952376     0.014934014      -6.2146081       -6.2146081       5.5487033         5.5487033
              1      -2.9944879       2.1093036     0.011258467      -6.2146081       -6.2146081       6.4402403         6.4402403
              1      -2.8251436       2.1525414     0.012913139      -6.2146081       -6.2146081       6.7789291         6.7789291
              1      -2.0170907       2.1286694     0.013281208      -6.2146081       -6.2146081       8.3950348         8.3950348
              1      -4.1236264       2.1203562    0.0078895183      -6.2146081       -6.2146081       4.1819633         4.1819633
              2      -3.3926815        2.117638    0.0069081543      -6.2146081       -6.2146081       5.6438533         5.6438533
              1      -3.4641479       2.1066787    0.0076680072      -6.2146081       -6.2146081       5.5009203         5.5009203
              1      -4.1182258       2.0911896    0.0054340263      -6.2146081       -6.2146081       4.1927646         4.1927646
              1      -4.6313133       2.0792216    0.0094095324      -6.2146081       -6.2146081       3.1665895         3.1665895
              1      -4.2550622       2.0755001    0.0092974973      -6.2146081       -6.2146081       3.9190918         3.9190918
              2      -4.5413104       2.0787235    0.0095152932      -6.2146081       -6.2146081       3.3465954         3.3465954
              1      -5.0437435       2.0785933     0.010006212      -6.2146081       -6.2146081       2.3417292         2.3417292
              1      -4.4776249       2.0742458    0.0099946828      -6.2146081       -6.2146081       3.4739664         3.4739664
              1      -4.6426662       2.0782799     0.011298835      -6.2146081       -6.2146081       3.1438838         3.1438838
              1       -4.728511       2.0569173     0.011959647      -6.2146081       -6.2146081       2.9721941         2.9721941
              2      -5.0727181       2.0550983     0.012686476      -6.2146081       -6.2146081       2.2837799         2.2837799
              1      -5.0327182       2.0522336      0.01332871      -6.2146081       -6.2146081       2.3637799         2.3637799
              1      -5.2711017       2.0368508     0.012642554      -6.2146081       -6.2146081       1.8870128         1.8870128
              1      -4.7452238       2.0173921     0.013157509      -6.2146081       -6.2146081       2.9387686         2.9387686
              1      -5.2393239        2.014901     0.012216174      -6.2146081       -6.2146081       1.9505683         1.9505683
              8      -5.7204192       2.0146111     0.013886037      -6.2146081       -6.2146081      0.98837771        0.98837771
              3      -5.3888706        2.024952     0.013721134      -6.2146081       -6.2146081        1.651475          1.651475
              1       -5.992749       2.0167863     0.014201382      -6.2146081       -6.2146081      0.44371817        0.44371817
              1       -6.122224       2.0166699     0.012722174      -6.2146081       -6.2146081      0.18476822        0.18476822
              1      -6.2010734       2.0419027     0.012702318      -6.2146081       -6.2146081     0.027069469       0.027069469
              1      -6.2133433       2.0301316      0.01311162      -6.2146081       -6.2146081    0.0025295648      0.0025295648
              1      -6.2081752       2.0258479     0.011879688      -6.2146081       -6.2146081     0.012865849       0.012865849
              2      -6.0947948       2.1338733     0.012033222      -6.2146081       -6.2146081      0.23962653        0.23962653
              3      -6.1504116       2.1489317     0.013806296      -6.2146081       -6.2146081      0.12839299        0.12839299
              3      -4.4524574       2.1301039     0.013698915      -6.2146081       -6.2146081       3.5243015         3.5243015
              5      -3.6301028       2.1533733     0.014578552      -6.2146081       -6.2146081       5.1690105         5.1690105
              1      -4.6769374       2.1180321     0.011817344      -6.2146081       -6.2146081       3.0753414         3.0753414
              1      -4.3080555       2.1277535     0.011815017      -6.2146081       -6.2146081       3.8131052         3.8131052
              3      -4.3991152       2.1277822     0.013011979      -6.2146081       -6.2146081       3.6309858         3.6309858
              2      -6.1784722       2.1444828     0.011313412      -6.2146081       -6.2146081     0.072271787       0.072271787
              1      -5.0554532       2.1063364     0.012931514      -6.2146081       -6.2146081       2.3183097         2.3183097
              1      -5.3300535       2.0937745     0.009970077      -6.2146081       -6.2146081       1.7691091         1.7691091
              2      -5.0557503       2.1031333     0.011022474      -6.2146081       -6.2146081       2.3177156         2.3177156
              1      -6.1669318       2.1081286      0.01239538      -6.2146081       -6.2146081     0.095352599       0.095352599
              2      -6.1796544       2.1050238      0.01250835      -6.2146081       -6.2146081     0.069907299       0.069907299
              1      -5.1067729       2.1037599     0.013967405      -6.2146081       -6.2146081       2.2156705         2.2156705
              3      -4.3913993        2.127673     0.013136506      -6.2146081       -6.2146081       3.6464177         3.6464177
              3      -4.6678094       2.1179523     0.012315659      -6.2146081       -6.2146081       3.0935975         3.0935975
              1      -6.2144948       2.1023694     0.009596745      -6.2146081       -6.2146081    0.0002265535      0.0002265535
              1      -6.1731331        2.112884    0.0089941253      -6.2146081       -6.2146081     0.082950053       0.082950053
              1      -6.1760094       2.1166559     0.009867126      -6.2146081       -6.2146081      0.07719749        0.07719749
              1      -6.1920899       2.0691393     0.011920152      -6.2146081       -6.2146081     0.045036447       0.045036447
              1      -6.1050878       2.0633345     0.011491978      -6.2146081       -6.2146081      0.21904065        0.21904065
              2      -4.5680598       2.1165031    0.0080985965      -6.2146081       -6.2146081       3.2930966         3.2930966
              1      -2.8248241       2.1684558    0.0083265621      -6.2146081       -6.2146081        6.779568          6.779568
              1      -4.6580114       2.1759429     0.010740395      -6.2146081       -6.2146081       3.1131933         3.1131933
              1      -4.9745845       2.1069169     0.010981129      -6.2146081       -6.2146081       2.4800472         2.4800472
              1      -5.9651895       2.0511331      0.01083853      -6.2146081       -6.2146081      0.49883714        0.49883714
              2      -5.9150103       2.0485628    0.0074725602      -6.2146081       -6.2146081      0.59919563        0.59919563
              5      -5.9997504        2.056174    0.0075238922      -6.2146081       -6.2146081      0.42971532        0.42971532
              4       -6.122764       2.0340442    0.0091022443      -6.2146081       -6.2146081      0.18368816        0.18368816
              1      -5.1493853       2.1005019     0.010634456      -6.2146081       -6.2146081       2.1304455         2.1304455
              2      -5.6721623       2.0759979     0.013878934      -6.2146081       -6.2146081       1.0848916         1.0848916
              2      -5.3778544       2.0928513     0.014824362      -6.2146081       -6.2146081       1.6735074         1.6735074
              2      -5.8329653       2.0668403     0.012341336      -6.2146081       -6.2146081      0.76328568        0.76328568
              4      -5.7018887       2.0712513     0.012049894      -6.2146081       -6.2146081       1.0254388         1.0254388
              1      -4.5429962       2.1568886     0.012874046      -6.2146081       -6.2146081       3.3432238         3.3432238
              4      -5.0482229       2.1664788     0.014602163      -6.2146081       -6.2146081       2.3327705         2.3327705
              2      -6.0724364       2.1589546     0.009051206      -6.2146081       -6.2146081       0.2843433         0.2843433
              5      -6.1622736       2.1097399     0.013797568      -6.2146081       -6.2146081      0.10466906        0.10466906
              2      -6.0754313       2.0883402     0.012477226      -6.2146081       -6.2146081      0.27835365        0.27835365
              7      -6.1923465       2.0181065     0.013142945      -6.2146081       -6.2146081     0.044523152       0.044523152
              4      -6.1784061       2.0209562     0.010512847      -6.2146081       -6.2146081     0.072403957       0.072403957
              1      -6.1697322       2.0548984     0.011425339      -6.2146081       -6.2146081     0.089751757       0.089751757
              3      -6.0574335        2.042899     0.012733137      -6.2146081       -6.2146081      0.31434916        0.31434916
              1      -6.1830099       2.0487439    0.0097796405      -6.2146081       -6.2146081     0.063196325       0.063196325
              1      -5.5742582       2.0808327     0.010084001      -6.2146081       -6.2146081       1.2806999         1.2806999
              3      -5.7974047       2.0661172    0.0088831793      -6.2146081       -6.2146081       0.8344068         0.8344068
              4      -5.5068432       2.0826349     0.010416332      -6.2146081       -6.2146081       1.4155298         1.4155298
              1      -5.0855492       2.0742552    0.0067722518      -6.2146081       -6.2146081       2.2581179         2.2581179
              2      -5.0134769       2.0998438    0.0067207659      -6.2146081       -6.2146081       2.4022625         2.4022625
              1      -4.5754513       2.1173716    0.0078506892      -6.2146081       -6.2146081       3.2783137         3.2783137
              2      -5.1221109       2.0989036    0.0085498626      -6.2146081       -6.2146081       2.1849943         2.1849943
              1      -6.0948779       2.1023683    0.0084628204      -6.2146081       -6.2146081      0.23946038        0.23946038
              1      -6.1475869       2.0886231    0.0061097481      -6.2146081       -6.2146081       0.1340423         0.1340423
              3      -5.9917304         2.12083    0.0057639868      -6.2146081       -6.2146081       0.4457553         0.4457553
              2      -6.0245346       2.0593031     0.005115642      -6.2146081       -6.2146081      0.38014707        0.38014707
              4      -5.9949739       2.0214213    0.0057792879      -6.2146081       -6.2146081      0.43926847        0.43926847
              4      -5.1538226       2.0137989    0.0060349454      -6.2146081       -6.2146081       2.1215709         2.1215709
              3      -6.1673059       2.0475704     0.012866589      -6.2146081       -6.2146081     0.094604422       0.094604422
              1      -6.1884137       2.0238251     0.014619376      -6.2146081       -6.2146081     0.052388837       0.052388837
              1      -6.1589975       2.1174355    0.0089380827      -6.2146081       -6.2146081      0.11122123        0.11122123
              4      -6.0384103       2.1633124     0.010932094      -6.2146081       -6.2146081      0.35239563        0.35239563
              4      -5.2318787       2.1885917      0.01191521      -6.2146081       -6.2146081       1.9654587         1.9654587
              1      -5.6317779       2.0936112     0.012519511      -6.2146081       -6.2146081       1.1656604         1.1656604
              2      -6.0340706       2.1047162     0.012641331      -6.2146081       -6.2146081      0.36107506        0.36107506
              1      -5.2073734       2.1135823      0.01169981      -6.2146081       -6.2146081       2.0144693         2.0144693
              1      -6.1563806       2.1910695     0.013826741      -6.2146081       -6.2146081      0.11645497        0.11645497
              3      -6.0077767       2.1980764    0.0091441827      -6.2146081       -6.2146081      0.41366283        0.41366283
              1      -6.0903444       2.0648463    0.0097537036      -6.2146081       -6.2146081       0.2485273         0.2485273
              4      -5.7176331       2.0648644    0.0067680202      -6.2146081       -6.2146081      0.99394999        0.99394999
              2      -3.0819671       2.0301959    0.0088201536      -6.2146081       -6.2146081       6.2652821         6.2652821
             11      -3.7378406       2.0301966    0.0088233494      -6.2146081       -6.2146081       4.9535351         4.9535351
              8      -4.3628026       2.0024236    0.0086763672      -6.2146081       -6.2146081        3.703611          3.703611
              1      -3.2805134       2.0098727    0.0079801823      -6.2146081       -6.2146081       5.8681894         5.8681894
              3      -6.1933269       2.0397122    0.0083552308      -6.2146081       -6.2146081     0.042562387       0.042562387
              3      -6.2145268       2.0465192    0.0082814377      -6.2146081       -6.2146081   0.00016260948     0.00016260948
              1      -6.1970059       2.1236363    0.0054090074      -6.2146081       -6.2146081     0.035204464       0.035204464
              4      -5.8862041       2.1716269    0.0085448003      -6.2146081       -6.2146081       0.6568079         0.6568079
              3      -6.1485766         2.14352    0.0068824956      -6.2146081       -6.2146081      0.13206293        0.13206293
              1      -6.0275311       2.1375283    0.0091238927      -6.2146081       -6.2146081       0.3741539         0.3741539
              1      -6.2131892       2.1152485    0.0088740948      -6.2146081       -6.2146081    0.0028378379      0.0028378379
              5      -6.2145699       2.0755914    0.0079292677      -6.2146081       -6.2146081   7.6298841e-05     7.6298841e-05
              1      -5.9921234       2.1844464    0.0097391124      -6.2146081       -6.2146081      0.44496932        0.44496932
              1      -6.1795365       2.1254531     0.012063483      -6.2146081       -6.2146081     0.070143185       0.070143185
