#        weight    minuslogpost  theta_i_ridder     beta_ridder   minuslogprior minuslogprior__0            chi2 chi2__rs_gaussian
              1      -4.7335369       2.1338137     0.005288974      -6.2146081       -6.2146081       2.9621425         2.9621425
              2      -4.4138315       2.1441846    0.0060203746      -6.2146081       -6.2146081       3.6015532         3.6015532
              1      -4.4300952       2.1532255    0.0078572253      -6.2146081       -6.2146081       3.5690257         3.5690257
              4       -4.420326       2.1673031    0.0071106627      -6.2146081       -6.2146081       3.5885641         3.5885641
              2      -4.6440133       2.1491994    0.0069984298      -6.2146081       -6.2146081       3.1411896         3.1411896
              4      -5.4084652       2.1459365    0.0085135063      -6.2146081       -6.2146081       1.6122858         1.6122858
              2       -4.383374       2.1401285    0.0082044931      -6.2146081       -6.2146081       3.6624682         3.6624682
              1      -4.5579049       2.1231331     0.010082972      -6.2146081       -6.2146081       3.3134065         3.3134065
              1      -5.1296014       2.0990761    0.0079064371      -6.2146081       -6.2146081       2.1700134         2.1700134
              4      -5.4415933       2.0838192    0.0053450375      -6.2146081       -6.2146081       1.5460297         1.5460297
              1      -5.2108969       2.0935014    0.0050122161      -6.2146081       -6.2146081       2.0074224         2.0074224
              3      -5.6657507       2.0955732    0.0056149213      -6.2146081       -6.2146081       1.0977147         1.0977147
              2      -6.1849841       2.0764408     0.006261771      -6.2146081       -6.2146081     0.059248011       0.059248011
              3      -6.0338818       2.0554094    0.0062529518      -6.2146081       -6.2146081      0.36145251        0.36145251
             12      -6.1161535       2.0500092    0.0080537889      -6.2146081       -6.2146081      0.19690927        0.19690927
              1      -5.8499054       2.0596119    0.0083240157      -6.2146081       -6.2146081      0.72940538        0.72940538
              1      -5.2768632       2.0929249      0.00882132      -6.2146081       -6.2146081       1.8754899         1.8754899
              1      -5.3052605       2.0914539    0.0098066738      -6.2146081       -6.2146081       1.8186951         1.8186951
              1      -5.5318531       2.0824771     0.010926271      -6.2146081       -6.2146081       1.3655101         1.3655101
              1      -5.9103975       2.0535735    0.0086088127      -6.2146081       -6.2146081      0.60842129        0.60842129
              3      -5.9763861       2.0472225    0.0093373419      -6.2146081       -6.2146081      0.47644401        0.47644401
              1      -5.7273985       2.0353132    0.0067215813      -6.2146081       -6.2146081       0.9744191         0.9744191
              3      -6.0683136       2.0282353    0.0084644425      -6.2146081       -6.2146081      0.29258892        0.29258892
              2      -5.9967268       2.0281257    0.0084587052      -6.2146081       -6.2146081      0.43576257        0.43576257
              1      -1.0964026       2.0281042    0.0084877242      -6.2146081       -6.2146081       10.236411         10.236411
              1      -1.8162502       2.0523008    0.0067581299      -6.2146081       -6.2146081       8.7967158         8.7967158
              1      -1.8397066       2.0709403    0.0093657531      -6.2146081       -6.2146081       8.7498031         8.7498031
              3      -1.7895157       2.0639834    0.0095451542      -6.2146081       -6.2146081       8.8501848         8.8501848
              1     -0.81034441       2.0858248     0.011159156      -6.2146081       -6.2146081       10.808527         10.808527
              1       -1.745768       2.0946081    0.0075361708      -6.2146081       -6.2146081       8.9376801         8.9376801
              1      -1.0999437       2.1313816    0.0084276787      -6.2146081       -6.2146081       10.229329         10.229329
              1      -4.2097955       2.1312334    0.0085798365      -6.2146081       -6.2146081       4.0096252         4.0096252
              5      -6.0086739       2.1214508    0.0084846013      -6.2146081       -6.2146081      0.41186836        0.41186836
              1      -5.7295253        2.118252    0.0081126523      -6.2146081       -6.2146081      0.97016557        0.97016557
              5       -5.824467       2.1346774    0.0067000418      -6.2146081       -6.2146081      0.78028215        0.78028215
              5      -5.8676519       2.1094677     0.005214604      -6.2146081       -6.2146081      0.69391242        0.69391242
              2      -6.2141699         2.09474    0.0052867247      -6.2146081       -6.2146081   0.00087641362     0.00087641362
              1      -6.2143582       2.0937947    0.0054442497      -6.2146081       -6.2146081   0.00049987392     0.00049987392
              8      -6.1294044       2.1249979    0.0055343254      -6.2146081       -6.2146081      0.17040748        0.17040748
              3      -5.1261314       2.1170768    0.0057066044      -6.2146081       -6.2146081       2.1769533         2.1769533
              1      -5.0895777        2.134299    0.0050005856      -6.2146081       -6.2146081       2.2500608         2.2500608
              1      -2.6596944       2.1519932    0.0075148866      -6.2146081       -6.2146081       7.1098273         7.1098273
              1      -5.0986011       2.1503369    0.0076314461      -6.2146081       -6.2146081       2.2320141         2.2320141
              4      -4.8927625       2.1237133    0.0072791861      -6.2146081       -6.2146081       2.6436912         2.6436912
              4       -5.746856       2.1479134    0.0070693592      -6.2146081       -6.2146081      0.93550412        0.93550412
              8      -3.7437728       2.1458869    0.0051824819      -6.2146081       -6.2146081       4.9416707         4.9416707
              1      -2.9840595       2.1606054    0.0080632912      -6.2146081       -6.2146081       6.4610972         6.4610972
              6       -6.027011        2.088964     0.011723547      -6.2146081       -6.2146081      0.37519429        0.37519429
              1      -5.4352476       2.0892589     0.012312699      -6.2146081       -6.2146081        1.558721          1.558721
              2       -4.807941       2.0532338      0.01084548      -6.2146081       -6.2146081       2.8133343         2.8133343
              1      -5.4975245       2.0859351     0.010868092      -6.2146081       -6.2146081       1.4341672         1.4341672
              1      -5.2601673       2.0858994     0.011384976      -6.2146081       -6.2146081       1.9088815         1.9088815
              2      -5.2318789       2.0753987     0.012591446      -6.2146081       -6.2146081       1.9654584         1.9654584
              1      -6.0850917       2.0654749     0.014065087      -6.2146081       -6.2146081      0.25903281        0.25903281
              1      -6.1187048       2.0346214     0.011987353      -6.2146081       -6.2146081      0.19180657        0.19180657
              2      -6.1945552       2.0175079     0.011154693      -6.2146081       -6.2146081     0.040105788       0.040105788
              1      -4.5793896        2.047978     0.011316955      -6.2146081       -6.2146081       3.2704369         3.2704369
              3      -6.0615338       2.0463527     0.014368971      -6.2146081       -6.2146081      0.30614865        0.30614865
              1      -6.1097248       2.0508316      0.01409325      -6.2146081       -6.2146081      0.20976654        0.20976654
              3      -6.1370403       2.0539628     0.014601889      -6.2146081       -6.2146081      0.15513553        0.15513553
              1      -6.1972977       2.0488232     0.014923269      -6.2146081       -6.2146081     0.034620868       0.034620868
              1      -6.1730344        2.034919     0.012699681      -6.2146081       -6.2146081     0.083147327       0.083147327
              5      -5.1508728       2.0558399     0.014229314      -6.2146081       -6.2146081       2.1274705         2.1274705
              1      -6.1777464       2.0160658      0.01447208      -6.2146081       -6.2146081     0.073723448       0.073723448
             12      -6.1655199       2.0041442     0.013455399      -6.2146081       -6.2146081      0.09817631        0.09817631
              3      -5.4481601       2.0304588     0.013452064      -6.2146081       -6.2146081        1.532896          1.532896
              2      -6.1627452       2.0260345     0.012722887      -6.2146081       -6.2146081      0.10372587        0.10372587
              4      -6.2049946       2.0154774     0.012761418      -6.2146081       -6.2146081     0.019226923       0.019226923
              8      -6.1794373       2.0242255     0.012631971      -6.2146081       -6.2146081     0.070341583       0.070341583
              1      -5.9552467       2.0276733     0.012502358      -6.2146081       -6.2146081      0.51872286        0.51872286
              1      -5.9551128       2.0226442     0.014752439      -6.2146081       -6.2146081      0.51899068        0.51899068
              2      -5.8075681       2.0154501     0.014591644      -6.2146081       -6.2146081      0.81408004        0.81408004
              4      -5.7729485       2.0041919     0.011432681      -6.2146081       -6.2146081      0.88331915        0.88331915
              1      -5.3260236       2.0184101    0.0095074181      -6.2146081       -6.2146081       1.7771691         1.7771691
              1      -5.4649595       2.0148721    0.0078482291      -6.2146081       -6.2146081       1.4992972         1.4992972
              3      -5.4617865       2.0563026    0.0069647713      -6.2146081       -6.2146081       1.5056433         1.5056433
              3      -6.1088565       2.0436935    0.0052382315      -6.2146081       -6.2146081      0.21150316        0.21150316
              2      -6.1899788        2.041899     0.007391244      -6.2146081       -6.2146081     0.049258643       0.049258643
              1       -6.077389       2.0381502    0.0069210097      -6.2146081       -6.2146081       0.2744381         0.2744381
              4       -5.883123       2.0429715    0.0064832832      -6.2146081       -6.2146081      0.66297021        0.66297021
              1      -5.7590178       2.0633123    0.0053451051      -6.2146081       -6.2146081      0.91118054        0.91118054
              2      -6.2051348       2.0641887     0.005470269      -6.2146081       -6.2146081     0.018946568       0.018946568
              7      -6.2043813       2.0669375    0.0057587723      -6.2146081       -6.2146081      0.02045366        0.02045366
              4      -6.2067159       2.1015175    0.0090495277      -6.2146081       -6.2146081     0.015784417       0.015784417
              2      -6.2116616       2.0892152    0.0078363052      -6.2146081       -6.2146081     0.005892988       0.005892988
              1       -6.161581       2.1107382    0.0060022557      -6.2146081       -6.2146081      0.10605424        0.10605424
              2      -6.1908045       2.1662719     0.011036426      -6.2146081       -6.2146081     0.047607135       0.047607135
              2      -4.3635251       2.1240791     0.006669242      -6.2146081       -6.2146081        3.702166          3.702166
              1      -4.6164684       2.1145835    0.0079538531      -6.2146081       -6.2146081       3.1962793         3.1962793
              1      -5.6534363       2.0769941     0.011382822      -6.2146081       -6.2146081       1.1223436         1.1223436
              5      -6.0187109       2.0432149    0.0085842365      -6.2146081       -6.2146081      0.39179445        0.39179445
              1      -6.0598282       2.0933368     0.010094699      -6.2146081       -6.2146081      0.30955987        0.30955987
              1      -6.1934361       2.0723936     0.014074021      -6.2146081       -6.2146081     0.042344076       0.042344076
              5      -6.0774287       2.0423783     0.014067944      -6.2146081       -6.2146081      0.27435871        0.27435871
              3      -5.8521649       2.0364839     0.011621128      -6.2146081       -6.2146081      0.72488641        0.72488641
              1      -6.2115719        2.009934     0.012932731      -6.2146081       -6.2146081     0.006072485       0.006072485
              2      -5.3704005       2.0028068     0.011583809      -6.2146081       -6.2146081       1.6884152         1.6884152
              2      -6.2119276       2.0064666    0.0093728201      -6.2146081       -6.2146081    0.0053609551      0.0053609551
              1      -6.2082207       2.0077331    0.0091169585      -6.2146081       -6.2146081     0.012774824       0.012774824
              2      -6.1000973       2.0365817     0.011301103      -6.2146081       -6.2146081       0.2290216         0.2290216
              3      -6.1713756       2.0201705     0.008864928      -6.2146081       -6.2146081     0.086465027       0.086465027
              2      -6.2127292       2.0076313     0.010138952      -6.2146081       -6.2146081    0.0037578914      0.0037578914
              3      -5.1719238       2.0430237     0.010189164      -6.2146081       -6.2146081       2.0853686         2.0853686
              9      -6.2137698       2.0035621      0.01091813      -6.2146081       -6.2146081    0.0016766147      0.0016766147
              2      -4.8370404       2.0595051    0.0087296783      -6.2146081       -6.2146081       2.7551353         2.7551353
              1      -4.9441696        2.046021     0.008921639      -6.2146081       -6.2146081        2.540877          2.540877
              1      -3.6792789       2.0446042    0.0085754473      -6.2146081       -6.2146081       5.0706584         5.0706584
              1         -5.0108       2.0976998    0.0063779995      -6.2146081       -6.2146081       2.4076161         2.4076161
              7      -3.9325947        2.096159    0.0064104796      -6.2146081       -6.2146081       4.5640268         4.5640268
              1      -4.1041557       2.0970704    0.0065289488      -6.2146081       -6.2146081       4.2209048         4.2209048
              3      -4.2642606       2.1094284     0.010199711      -6.2146081       -6.2146081        3.900695          3.900695
              1      -4.7614698        2.104409     0.014762412      -6.2146081       -6.2146081       2.9062765         2.9062765
              5      -3.9614323       2.1076405     0.014896877      -6.2146081       -6.2146081       4.5063515         4.5063515
              9      -5.7427124       2.1062964     0.012888111      -6.2146081       -6.2146081      0.94379131        0.94379131
              1      -5.9691346       2.1307612      0.01011681      -6.2146081       -6.2146081      0.49094702        0.49094702
              3      -5.7560364       2.1464883     0.011094338      -6.2146081       -6.2146081      0.91714342        0.91714342
              2       -5.494489       2.0869738     0.012755081      -6.2146081       -6.2146081       1.4402382         1.4402382
              1      -5.7599224       2.0715439     0.012828752      -6.2146081       -6.2146081      0.90937143        0.90937143
              1      -5.6028966       2.0752845    0.0089423846      -6.2146081       -6.2146081        1.223423          1.223423
              1       -6.154064       2.0298865     0.013213643      -6.2146081       -6.2146081      0.12108818        0.12108818
              2      -6.1857927       2.0224399     0.012621378      -6.2146081       -6.2146081     0.057630761       0.057630761
              1      -6.0963051       2.0333782    0.0087971392      -6.2146081       -6.2146081      0.23660595        0.23660595
              3      -6.0863451       2.0402372    0.0099219809      -6.2146081       -6.2146081      0.25652603        0.25652603
              8      -6.0567642       2.0399006     0.010012906      -6.2146081       -6.2146081      0.31568776        0.31568776
              1      -4.8886801       2.1068492     0.009175076      -6.2146081       -6.2146081       2.6518561         2.6518561
              2      -5.2114245       2.0954556    0.0067508177      -6.2146081       -6.2146081       2.0063673         2.0063673
              1       -5.281781       2.0924891    0.0099027351      -6.2146081       -6.2146081       1.8656541         1.8656541
              1      -6.1168082       2.0231344     0.010245234      -6.2146081       -6.2146081      0.19559986        0.19559986
              9      -5.8722485       2.0431787    0.0074524955      -6.2146081       -6.2146081      0.68471929        0.68471929
              2      -4.3636437       2.0765799     0.012526106      -6.2146081       -6.2146081       3.7019289         3.7019289
              2      -5.6087045       2.0482267     0.011186259      -6.2146081       -6.2146081       1.2118072         1.2118072
              2      -3.5307272       2.0893522     0.012869434      -6.2146081       -6.2146081       5.3677618         5.3677618
              4      -4.1967467       2.0944843     0.014196605      -6.2146081       -6.2146081       4.0357228         4.0357228
              1      -4.1692624       2.0878782     0.012767642      -6.2146081       -6.2146081       4.0906915         4.0906915
              1      -5.5402393        2.083337     0.011051138      -6.2146081       -6.2146081       1.3487375         1.3487375
              3      -5.3388256       2.1169879    0.0099961815      -6.2146081       -6.2146081       1.7515649         1.7515649
              2      -4.6994971       2.0757674    0.0081703006      -6.2146081       -6.2146081        3.030222          3.030222
              1      -5.3353412       2.0561751     0.010684869      -6.2146081       -6.2146081       1.7585337         1.7585337
              2      -5.3242449       2.0268249    0.0091430296      -6.2146081       -6.2146081       1.7807263         1.7807263
              1      -5.7985995       2.0834726    0.0066394459      -6.2146081       -6.2146081      0.83201729        0.83201729
              1      -5.8756402       2.0682638    0.0077346996      -6.2146081       -6.2146081      0.67793575        0.67793575
              1      -5.3027687       2.0613127    0.0069472789      -6.2146081       -6.2146081       1.8236788         1.8236788
              1      -5.2963341       2.1352975      0.00893215      -6.2146081       -6.2146081       1.8365481         1.8365481
              1       -5.968397       2.1232188     0.011409803      -6.2146081       -6.2146081      0.49242212        0.49242212
              2      -6.1954417       2.0636301     0.012546484      -6.2146081       -6.2146081     0.038332887       0.038332887
              1      -6.1098676       2.0313562    0.0087334872      -6.2146081       -6.2146081      0.20948094        0.20948094
              4      -5.7500449       2.0623128    0.0065734578      -6.2146081       -6.2146081      0.92912633        0.92912633
              8      -6.2120009       2.0962215    0.0054285197      -6.2146081       -6.2146081    0.0052143943      0.0052143943
              3      -5.6194869       2.1096682    0.0076622299      -6.2146081       -6.2146081       1.1902423         1.1902423
              5      -5.8748282       2.1186233    0.0074091958      -6.2146081       -6.2146081      0.67955978        0.67955978
              5      -6.1370229       2.1436106    0.0054584095      -6.2146081       -6.2146081      0.15517035        0.15517035
              3      -5.8113424       2.1422888     0.005257258      -6.2146081       -6.2146081      0.80653137        0.80653137
              3      -5.8150103        2.147663    0.0093463886      -6.2146081       -6.2146081       0.7991956         0.7991956
              4      -6.1047032       2.1468974    0.0092675883      -6.2146081       -6.2146081      0.21980973        0.21980973
              2      -6.1021494       2.1214686      0.01040455      -6.2146081       -6.2146081      0.22491748        0.22491748
              1      -6.0692877       2.1227708     0.010137348      -6.2146081       -6.2146081       0.2906407         0.2906407
              1      -5.3035426       2.1252395     0.010203546      -6.2146081       -6.2146081       1.8221309         1.8221309
              2      -6.2125881       2.1373873     0.005504262      -6.2146081       -6.2146081    0.0040399086      0.0040399086
              2      -6.1704903       2.1134368    0.0092672257      -6.2146081       -6.2146081     0.088235557       0.088235557
              1      -6.1763347       2.0778423     0.012502131      -6.2146081       -6.2146081     0.076546891       0.076546891
              1      -5.9917909       2.0734586     0.012137156      -6.2146081       -6.2146081      0.44563433        0.44563433
              3      -6.2140762       2.0781518     0.011585716      -6.2146081       -6.2146081    0.0010638667      0.0010638667
              4      -6.0589141       2.1875946    0.0065944559      -6.2146081       -6.2146081      0.31138806        0.31138806
              8      -6.1548039       2.1250354     0.014291388      -6.2146081       -6.2146081      0.11960838        0.11960838
              2       -5.568573       2.0390527    0.0099238619      -6.2146081       -6.2146081       1.2920702         1.2920702
              3      -4.5192283        2.032875    0.0093263399      -6.2146081       -6.2146081       3.3907596         3.3907596
              3      -4.8063173       2.0436192    0.0086969673      -6.2146081       -6.2146081       2.8165815         2.8165815
              5      -4.9078395       2.0288402    0.0086284549      -6.2146081       -6.2146081       2.6135373         2.6135373
              2      -4.2048133       2.0413094     0.010544607      -6.2146081       -6.2146081       4.0195895         4.0195895
              2      -5.2762337       2.0958732     0.011345749      -6.2146081       -6.2146081       1.8767487         1.8767487
              4      -5.7881473       2.0308244    0.0060912128      -6.2146081       -6.2146081      0.85292169        0.85292169
              1       -5.744579       2.0622657    0.0054889021      -6.2146081       -6.2146081      0.94005828        0.94005828
              2      -5.6076054       2.0456386     0.014488633      -6.2146081       -6.2146081       1.2140054         1.2140054
              1      -5.8780417       2.0565685     0.010186809      -6.2146081       -6.2146081      0.67313278        0.67313278
              4       -5.574261       2.0793999     0.010621681      -6.2146081       -6.2146081       1.2806942         1.2806942
              4      -1.8473817       2.0885757    0.0065850157      -6.2146081       -6.2146081       8.7344528         8.7344528
              9       -6.182407       2.0633977    0.0061329029      -6.2146081       -6.2146081     0.064402276       0.064402276
              1      -6.1265583       2.0444991     0.010063731      -6.2146081       -6.2146081      0.17609955        0.17609955
              3      -6.0136686       2.0476803     0.011016439      -6.2146081       -6.2146081      0.40187896        0.40187896
              2      -6.0575185       2.0483193     0.010745403      -6.2146081       -6.2146081      0.31417928        0.31417928
             12      -5.8455168       2.1653837    0.0096822522      -6.2146081       -6.2146081      0.73818268        0.73818268
              3      -6.1265723       2.0404221    0.0071817552      -6.2146081       -6.2146081      0.17607152        0.17607152
              2      -1.6051791       2.0323935    0.0076094538      -6.2146081       -6.2146081       9.2188581         9.2188581
              3      -4.7305446       2.0281407     0.008758312      -6.2146081       -6.2146081       2.9681271         2.9681271
              3      -5.0929674       2.0517563    0.0055469523      -6.2146081       -6.2146081       2.2432814         2.2432814
              2      -5.7091436       2.0625797    0.0057340551      -6.2146081       -6.2146081       1.0109289         1.0109289
              2       -4.154171       2.0123506      0.01037924      -6.2146081       -6.2146081       4.1208743         4.1208743
              2      -4.2369169       2.0229796     0.011558047      -6.2146081       -6.2146081       3.9553825         3.9553825
              4      -6.1902422       2.0974705    0.0082287262      -6.2146081       -6.2146081     0.048731867       0.048731867
             22      -6.0597749       2.0020807     0.013635709      -6.2146081       -6.2146081       0.3096664         0.3096664
              2      -4.9674955       2.0979162    0.0091791123      -6.2146081       -6.2146081       2.4942252         2.4942252
             13      -5.4581518       2.1540522    0.0052219688      -6.2146081       -6.2146081       1.5129126         1.5129126
              3       -6.026882       2.1324979     0.011266471      -6.2146081       -6.2146081      0.37545212        0.37545212
              1      -5.0095043       2.1107626     0.014835595      -6.2146081       -6.2146081       2.4102076         2.4102076
              1      -6.2125795       2.0089554     0.014096645      -6.2146081       -6.2146081    0.0040571613      0.0040571613
              1      -6.1756605       2.0245346     0.012983519      -6.2146081       -6.2146081      0.07789521        0.07789521
              1       -6.093901       2.0401024     0.014308251      -6.2146081       -6.2146081      0.24141425        0.24141425
              1      -6.2046045       2.0158131     0.011889315      -6.2146081       -6.2146081     0.020007213       0.020007213
              1      -6.0130006       2.0590037    0.0090122789      -6.2146081       -6.2146081        0.403215          0.403215
              3       -5.897777       2.0566223    0.0091193133      -6.2146081       -6.2146081      0.63366216        0.63366216
              6      -5.9037876        2.058091    0.0099688049      -6.2146081       -6.2146081        0.621641          0.621641
              3       -5.890924       2.1403718    0.0084982511      -6.2146081       -6.2146081       0.6473682         0.6473682
              1      -4.8782274       2.1173915    0.0093171484      -6.2146081       -6.2146081       2.6727614         2.6727614
              6      -6.0362017       2.1147201    0.0075310931      -6.2146081       -6.2146081      0.35681278        0.35681278
              3      -6.0773434       2.0773886    0.0079026235      -6.2146081       -6.2146081      0.27452934        0.27452934
              2      -5.2934317       2.1383485     0.010625126      -6.2146081       -6.2146081       1.8423529         1.8423529
              4      -5.4382529       2.1595312     0.011062483      -6.2146081       -6.2146081       1.5527104         1.5527104
              1      -5.6869923       2.0747936     0.011495433      -6.2146081       -6.2146081       1.0552316         1.0552316
              1      -6.2135928       2.0936982    0.0070449822      -6.2146081       -6.2146081    0.0020305251      0.0020305251
              3      -6.1601134       2.0273471     0.012245545      -6.2146081       -6.2146081      0.10898939        0.10898939
              8      -5.8792145       2.0286649     0.012643999      -6.2146081       -6.2146081      0.67078722        0.67078722
              2      -6.0499732       2.0437209     0.010647231      -6.2146081       -6.2146081      0.32926982        0.32926982
              4       -6.211046       2.0008094     0.013237141      -6.2146081       -6.2146081    0.0071241746      0.0071241746
              1      -6.1550726       2.0252274    0.0099391202      -6.2146081       -6.2146081      0.11907098        0.11907098
              3      -5.1052238       2.0163766     0.010651092      -6.2146081       -6.2146081       2.2187685         2.2187685
              1      -4.5953032        2.037438    0.0074338355      -6.2146081       -6.2146081       3.2386098         3.2386098
              1      -4.4153022       2.0195813    0.0083215196      -6.2146081       -6.2146081       3.5986117         3.5986117
              3      -5.3189967       2.0075789     0.005890866      -6.2146081       -6.2146081       1.7912228         1.7912228
              5      -5.6842516       2.0071945     0.005938536      -6.2146081       -6.2146081       1.0607129         1.0607129
             11      -5.7840653        2.004655     0.010851085      -6.2146081       -6.2146081       0.8610855         0.8610855
              1      -6.0297259          2.0479    0.0080285295      -6.2146081       -6.2146081      0.36976447        0.36976447
              2      -6.2004541       2.0780061     0.011168426      -6.2146081       -6.2146081     0.028307909       0.028307909
              7      -6.1941266       2.0531284      0.01052791      -6.2146081       -6.2146081     0.040962994       0.040962994
              1      -6.1565352       2.1287861     0.010521699      -6.2146081       -6.2146081      0.11614587        0.11614587
              3       -6.143601       2.1105457     0.014152192      -6.2146081       -6.2146081      0.14201416        0.14201416
             16       -6.202873       2.0172649    0.0054499609      -6.2146081       -6.2146081       0.0234701         0.0234701
              2      -5.0839216       2.0455906    0.0074317896      -6.2146081       -6.2146081       2.2613729         2.2613729
              2      -5.7506844       2.0859533    0.0054660529      -6.2146081       -6.2146081      0.92784731        0.92784731
              1      -4.9017946       2.1140507    0.0085861144      -6.2146081       -6.2146081        2.625627          2.625627
              1      -4.6303643       2.1005484    0.0094435066      -6.2146081       -6.2146081       3.1684877         3.1684877
              1      -6.2026599       2.1107461     0.010903736      -6.2146081       -6.2146081     0.023896328       0.023896328
              2      -6.1942931       2.0838132     0.012438398      -6.2146081       -6.2146081     0.040629945       0.040629945
              2      -6.1626749       2.0395893     0.007753468      -6.2146081       -6.2146081      0.10386642        0.10386642
              1      -5.3491878         2.00568     0.010262451      -6.2146081       -6.2146081       1.7308406         1.7308406
              3      -6.2112073       2.0062101       0.0105086      -6.2146081       -6.2146081    0.0068016195      0.0068016195
              5      -4.9292801       2.1069948    0.0067925494      -6.2146081       -6.2146081        2.570656          2.570656
