#        weight    minuslogpost  theta_i_ridder     beta_ridder   minuslogprior minuslogprior__0            chi2 chi2__rs_gaussian
              1      -4.7929995       2.1089102    0.0056439448      -6.2146081       -6.2146081       2.8432172         2.8432172
              1      -4.1836592       2.1273387    0.0052807575      -6.2146081       -6.2146081       4.0618979         4.0618979
              2      -4.6041248       2.1121743    0.0058703643      -6.2146081       -6.2146081       3.2209665         3.2209665
              1      -4.9335139       2.1039785    0.0062282133      -6.2146081       -6.2146081       2.5621884         2.5621884
              6       -5.011325       2.1001741    0.0053568992      -6.2146081       -6.2146081       2.4065661         2.4065661
              2      -4.6118531       2.1159604    0.0055710842      -6.2146081       -6.2146081         3.20551           3.20551
              1      -4.2847841        2.124653    0.0054126999      -6.2146081       -6.2146081        3.859648          3.859648
              4        -4.70257       2.1093548    0.0050949859      -6.2146081       -6.2146081       3.0240761         3.0240761
              1      -4.4966958       2.1221222    0.0079999013      -6.2146081       -6.2146081       3.4358247         3.4358247
              1        -5.46438       2.0859983    0.0095875757      -6.2146081       -6.2146081       1.5004562         1.5004562
              1      -5.6203114        2.074537    0.0086444159      -6.2146081       -6.2146081       1.1885934         1.1885934
              1      -5.5639922       2.0794403    0.0080485562      -6.2146081       -6.2146081       1.3012317         1.3012317
              1      -5.8783945       2.0577687    0.0085509467      -6.2146081       -6.2146081      0.67242717        0.67242717
              1      -5.8606773       2.0567904    0.0081289107      -6.2146081       -6.2146081      0.70786159        0.70786159
              1      -5.8029244       2.0609574    0.0078712147      -6.2146081       -6.2146081      0.82336744        0.82336744
              2      -5.6967207       2.0743374     0.010034831      -6.2146081       -6.2146081       1.0357749         1.0357749
              1      -5.8968606       2.0629146     0.013450325      -6.2146081       -6.2146081      0.63549502        0.63549502
              2      -5.9597939       2.0530306     0.011830743      -6.2146081       -6.2146081      0.50962839        0.50962839
              1      -6.0692109       2.0415158     0.010591705      -6.2146081       -6.2146081      0.29079432        0.29079432
              1      -6.0525847       2.0442106     0.010341277      -6.2146081       -6.2146081      0.32404682        0.32404682
              1      -6.0868917       2.0394036     0.010474042      -6.2146081       -6.2146081      0.25543275        0.25543275
              1       -6.109143       2.0357384    0.0091470125      -6.2146081       -6.2146081      0.21093014        0.21093014
              1      -6.1589357        2.027771     0.010337636      -6.2146081       -6.2146081      0.11134484        0.11134484
              3      -6.1981417       2.0125922    0.0093219002      -6.2146081       -6.2146081     0.032932739       0.032932739
              1      -6.1993195       2.0120733    0.0092918674      -6.2146081       -6.2146081     0.030577204       0.030577204
              2      -6.1626245       2.0204465    0.0078449386      -6.2146081       -6.2146081      0.10396721        0.10396721
              1      -6.1629376       2.0220438    0.0083664243      -6.2146081       -6.2146081      0.10334091        0.10334091
              1      -6.0734216       2.0349992    0.0058415616      -6.2146081       -6.2146081      0.28237305        0.28237305
              1      -5.7633108       2.0659182    0.0074280517      -6.2146081       -6.2146081      0.90259468        0.90259468
              1      -5.8362181       2.0567097    0.0071852632      -6.2146081       -6.2146081      0.75677997        0.75677997
              5      -5.7828471       2.0619986    0.0051793202      -6.2146081       -6.2146081      0.86352191        0.86352191
              3      -6.0788656       2.0361928    0.0053193101      -6.2146081       -6.2146081      0.27148502        0.27148502
              6      -6.0786108        2.036206     0.005325605      -6.2146081       -6.2146081      0.27199462        0.27199462
              1      -6.0520075       2.0408882    0.0071183641      -6.2146081       -6.2146081      0.32520129        0.32520129
              1       -6.041784       2.0417269    0.0068675473      -6.2146081       -6.2146081      0.34564815        0.34564815
              2      -5.4888736       2.0819417    0.0082123381      -6.2146081       -6.2146081        1.451469          1.451469
              1       -5.904959       2.0564577     0.012063483      -6.2146081       -6.2146081      0.61929819        0.61929819
              1      -5.8472511       2.0608504     0.011078671      -6.2146081       -6.2146081        0.734714          0.734714
              1       -5.757857       2.0665102     0.011331123      -6.2146081       -6.2146081      0.91350221        0.91350221
              1      -5.3340116        2.089947    0.0099135899      -6.2146081       -6.2146081       1.7611931         1.7611931
              1      -5.3277682       2.0929312     0.010406978      -6.2146081       -6.2146081       1.7736798         1.7736798
              1       -5.243238         2.09875     0.012354197      -6.2146081       -6.2146081       1.9427401         1.9427401
              1      -5.3952986        2.088961     0.012646719      -6.2146081       -6.2146081        1.638619          1.638619
              1      -5.4389596       2.0909085     0.012780437      -6.2146081       -6.2146081        1.551297          1.551297
              1      -5.5221036       2.0874057     0.013290566      -6.2146081       -6.2146081       1.3850091         1.3850091
              2      -5.7607694       2.0715574      0.01289887      -6.2146081       -6.2146081      0.90767742        0.90767742
              1      -5.5783685        2.082928     0.012901207      -6.2146081       -6.2146081       1.2724792         1.2724792
              3      -5.6232513       2.0828973     0.014394864      -6.2146081       -6.2146081       1.1827137         1.1827137
              1      -5.9865916       2.0510418      0.01237926      -6.2146081       -6.2146081      0.45603301        0.45603301
              1      -5.9827912       2.0513577     0.012329327      -6.2146081       -6.2146081      0.46363389        0.46363389
              1      -6.0584692       2.0443489     0.012918897      -6.2146081       -6.2146081      0.31227781        0.31227781
              1      -6.1307593       2.0320978     0.011462487      -6.2146081       -6.2146081      0.16769758        0.16769758
              1      -5.8844097       2.0543456    0.0082407196      -6.2146081       -6.2146081      0.66039683        0.66039683
              1      -5.7450858       2.0653247    0.0089988734      -6.2146081       -6.2146081      0.93904451        0.93904451
              1      -5.9014114       2.0550936    0.0076046157      -6.2146081       -6.2146081      0.62639342        0.62639342
              1      -5.4159303       2.0850258    0.0054081921      -6.2146081       -6.2146081       1.5973556         1.5973556
              1      -5.2506955       2.0900084     0.006531933      -6.2146081       -6.2146081       1.9278251         1.9278251
              1      -5.3984152       2.0833749    0.0068260593      -6.2146081       -6.2146081       1.6323859         1.6323859
              1      -5.9127827       2.0525197    0.0080003776      -6.2146081       -6.2146081       0.6036508         0.6036508
              1      -6.0155774       2.0429358    0.0054822059      -6.2146081       -6.2146081      0.39806145        0.39806145
              1      -5.5987119       2.0722981    0.0050019479      -6.2146081       -6.2146081       1.2317924         1.2317924
              1      -5.5814759       2.0754867    0.0069514177      -6.2146081       -6.2146081       1.2662645         1.2662645
              1      -5.6449098       2.0740027    0.0089532009      -6.2146081       -6.2146081       1.1393967         1.1393967
              1      -5.7963659       2.0636725    0.0088766169      -6.2146081       -6.2146081      0.83648447        0.83648447
              1      -5.9553835       2.0513052    0.0080775883      -6.2146081       -6.2146081      0.51844928        0.51844928
              1      -5.7364319       2.0631736    0.0062405971      -6.2146081       -6.2146081      0.95635247        0.95635247
              1       -6.091331       2.0358312    0.0099210567      -6.2146081       -6.2146081      0.24655419        0.24655419
              1      -6.1212433       2.0336228    0.0097569904      -6.2146081       -6.2146081       0.1867295         0.1867295
              1      -6.0883949       2.0361392    0.0099533288      -6.2146081       -6.2146081      0.25242632        0.25242632
              2       -6.135444       2.0320367     0.010479132      -6.2146081       -6.2146081      0.15832823        0.15832823
              1      -6.0772889       2.0364988    0.0094654696      -6.2146081       -6.2146081      0.27463843        0.27463843
              2      -6.1136495       2.0302755    0.0070758145      -6.2146081       -6.2146081      0.20191714        0.20191714
              2      -6.1033933       2.0354544    0.0092006637      -6.2146081       -6.2146081      0.22242964        0.22242964
              1      -6.1476766       2.0256012    0.0095075975      -6.2146081       -6.2146081      0.13386309        0.13386309
              1      -6.1617465       2.0205087    0.0078728081      -6.2146081       -6.2146081      0.10572315        0.10572315
              1      -5.9031786       2.0550668    0.0063215933      -6.2146081       -6.2146081      0.62285907        0.62285907
              2       -5.879808        2.056658    0.0066760832      -6.2146081       -6.2146081      0.66960013        0.66960013
              1      -5.6371744       2.0731347    0.0068602063      -6.2146081       -6.2146081       1.1548673         1.1548673
              3      -5.6333486       2.0724673    0.0067113284      -6.2146081       -6.2146081        1.162519          1.162519
              3      -5.3092009       2.0894662    0.0066108309      -6.2146081       -6.2146081       1.8108144         1.8108144
              3      -5.5585246       2.0744454    0.0060714501      -6.2146081       -6.2146081       1.3121669         1.3121669
              1      -4.7916751       2.1117342    0.0095867045      -6.2146081       -6.2146081        2.845866          2.845866
              1      -4.6534512       2.1155475    0.0093544079      -6.2146081       -6.2146081       3.1223138         3.1223138
              3      -4.1405855       2.1359717     0.014848697      -6.2146081       -6.2146081       4.1480452         4.1480452
              2      -4.5216627       2.1265418     0.012573634      -6.2146081       -6.2146081       3.3858908         3.3858908
              1      -4.5877255        2.124519     0.012917957      -6.2146081       -6.2146081       3.2537652         3.2537652
              1      -5.7608863       2.0630029    0.0069274335      -6.2146081       -6.2146081      0.90744353        0.90744353
              1      -5.9331169       2.0547836     0.011162298      -6.2146081       -6.2146081      0.56298232        0.56298232
              1      -6.2145183       2.0035039    0.0094850884      -6.2146081       -6.2146081   0.00017968426     0.00017968426
              6      -6.0774513       2.0420945     0.014086608      -6.2146081       -6.2146081      0.27431355        0.27431355
              1      -5.9783003       2.0515587    0.0097787907      -6.2146081       -6.2146081      0.47261564        0.47261564
              1      -5.5790993       2.0804598     0.010846058      -6.2146081       -6.2146081       1.2710177         1.2710177
              1      -5.6871267       2.0735538      0.01303144      -6.2146081       -6.2146081       1.0549628         1.0549628
              2      -5.9930151       2.0502458     0.011801049      -6.2146081       -6.2146081      0.44318599        0.44318599
              5      -6.2143883       2.0032299     0.011568412      -6.2146081       -6.2146081   0.00043965499     0.00043965499
              2      -6.1027465         2.03342    0.0084525228      -6.2146081       -6.2146081      0.22372327        0.22372327
              1      -6.1419508       2.0252153    0.0078477227      -6.2146081       -6.2146081      0.14531465        0.14531465
              2      -6.0599636       2.0377363    0.0050230856      -6.2146081       -6.2146081      0.30928896        0.30928896
              2      -6.0234096        2.037912     0.005221074      -6.2146081       -6.2146081      0.38239696        0.38239696
              1      -5.8670717       2.0601736    0.0078420496      -6.2146081       -6.2146081      0.69507287        0.69507287
              1       -6.194992       2.0169973    0.0090063055      -6.2146081       -6.2146081       0.0392321         0.0392321
              1      -6.1922717       2.0165909    0.0087630428      -6.2146081       -6.2146081     0.044672859       0.044672859
              2      -6.1938071       2.0126249    0.0069247086      -6.2146081       -6.2146081     0.041602064       0.041602064
              1      -6.1933993       2.0111841    0.0053998544      -6.2146081       -6.2146081     0.042417531       0.042417531
              3      -6.1898539       2.0123383    0.0053825939      -6.2146081       -6.2146081      0.04950843        0.04950843
              1      -6.0899536       2.0304545    0.0053982312      -6.2146081       -6.2146081      0.24930909        0.24930909
              7      -6.1527269       2.0303571     0.013851515      -6.2146081       -6.2146081       0.1237624         0.1237624
              2      -6.2075007        2.014097     0.012391571      -6.2146081       -6.2146081     0.014214776       0.014214776
              1      -6.1984508       2.0136904    0.0089557356      -6.2146081       -6.2146081     0.032314587       0.032314587
              1      -6.0476054       2.0397204    0.0089223233      -6.2146081       -6.2146081      0.33400542        0.33400542
              2      -6.1045429       2.0395432     0.014748729      -6.2146081       -6.2146081      0.22013036        0.22013036
              1      -5.9936105       2.0473942    0.0073701418      -6.2146081       -6.2146081      0.44199515        0.44199515
              4      -5.8827891       2.0537584     0.007486257      -6.2146081       -6.2146081        0.663638          0.663638
              1      -5.2136101       2.0989737     0.012107697      -6.2146081       -6.2146081       2.0019959         2.0019959
              1      -5.6692087       2.0729328     0.010498717      -6.2146081       -6.2146081       1.0907988         1.0907988
              2      -5.2095422       2.0906243    0.0057264068      -6.2146081       -6.2146081       2.0101317         2.0101317
              2       -5.036586       2.1014127    0.0082120399      -6.2146081       -6.2146081       2.3560442         2.3560442
              2      -5.4633188       2.0859663    0.0092874369      -6.2146081       -6.2146081       1.5025785         1.5025785
              1      -4.8146929       2.1070828    0.0072148401      -6.2146081       -6.2146081       2.7998304         2.7998304
              1      -5.1463246       2.0953515    0.0082471869      -6.2146081       -6.2146081       2.1365671         2.1365671
              2      -5.4280989       2.0811981     0.005599736      -6.2146081       -6.2146081       1.5730183         1.5730183
              1      -6.0131434        2.047888     0.011564685      -6.2146081       -6.2146081      0.40292936        0.40292936
              1      -5.8295214       2.0580582    0.0054646506      -6.2146081       -6.2146081      0.77017331        0.77017331
              1        -5.01878       2.1039008    0.0067572198      -6.2146081       -6.2146081       2.3916561         2.3916561
              1      -4.7518657       2.1160079     0.013863328      -6.2146081       -6.2146081       2.9254848         2.9254848
              1      -5.6748541       2.0752218     0.014985649      -6.2146081       -6.2146081       1.0795079         1.0795079
              1      -5.6231566       2.0733054    0.0080923059      -6.2146081       -6.2146081       1.1829031         1.1829031
              2      -5.0611698       2.0991974    0.0079907357      -6.2146081       -6.2146081       2.3068766         2.3068766
              3      -4.8962971       2.1070088    0.0095836519      -6.2146081       -6.2146081       2.6366221         2.6366221
              1      -4.3695979       2.1243826     0.010208869      -6.2146081       -6.2146081       3.6900204         3.6900204
              2       -4.807661       2.1149933     0.014596727      -6.2146081       -6.2146081       2.8138941         2.8138941
              2       -5.724204       2.0697446     0.012707342      -6.2146081       -6.2146081      0.98080815        0.98080815
              1        -6.04009       2.0413985     0.009171751      -6.2146081       -6.2146081      0.34903625        0.34903625
              2      -6.2142716       2.0019572    0.0080200807      -6.2146081       -6.2146081   0.00067305934     0.00067305934
              1       -6.214607        2.000016     0.006942211      -6.2146081       -6.2146081   2.2583519e-06     2.2583519e-06
              7      -6.2074933       2.0051548    0.0067925317      -6.2146081       -6.2146081     0.014229679       0.014229679
              1      -6.1675157       2.0184083     0.006050126      -6.2146081       -6.2146081     0.094184741       0.094184741
              8      -6.1672108       2.0196575    0.0064151506      -6.2146081       -6.2146081      0.09479461        0.09479461
              4      -6.1668139        2.018187    0.0051458271      -6.2146081       -6.2146081     0.095588317       0.095588317
              1      -5.9977974       2.0527206     0.014840721      -6.2146081       -6.2146081      0.43362137        0.43362137
              1      -5.9154884       2.0558584     0.011399401      -6.2146081       -6.2146081      0.59823935        0.59823935
              2      -5.5448746       2.0795356     0.011771908      -6.2146081       -6.2146081       1.3394669         1.3394669
              5      -5.7221701       2.0731378     0.012542006      -6.2146081       -6.2146081      0.98487608        0.98487608
              1      -5.7097647       2.0710471     0.012382519      -6.2146081       -6.2146081       1.0096867         1.0096867
              2      -5.0028155       2.1018206    0.0056768747      -6.2146081       -6.2146081       2.4235851         2.4235851
              1      -4.9573383       2.1041854    0.0051184545      -6.2146081       -6.2146081       2.5145396         2.5145396
              1       -4.612827       2.1176202    0.0094077958      -6.2146081       -6.2146081       3.2035622         3.2035622
              1      -5.8751864       2.0634458      0.01218155      -6.2146081       -6.2146081      0.67884349        0.67884349
              1      -5.7352926       2.0650554    0.0052037318      -6.2146081       -6.2146081      0.95863093        0.95863093
              6      -4.6512851       2.1156202    0.0054304842      -6.2146081       -6.2146081        3.126646          3.126646
              1       -4.792332       2.1068663    0.0050457971      -6.2146081       -6.2146081       2.8445523         2.8445523
              1      -4.0537915       2.1294851    0.0052445475      -6.2146081       -6.2146081       4.3216332         4.3216332
              3      -4.3947764       2.1260475      0.01224383      -6.2146081       -6.2146081       3.6396634         3.6396634
              1      -4.5450615       2.1244413     0.011845168      -6.2146081       -6.2146081       3.3390931         3.3390931
              1      -1.0854067       2.1938745     0.007255992      -6.2146081       -6.2146081       10.258403         10.258403
              2      -2.0636847       2.1793944      0.01028017      -6.2146081       -6.2146081       8.3018468         8.3018468
              1      -2.9267706       2.1666192      0.01442643      -6.2146081       -6.2146081       6.5756751         6.5756751
              9      -3.8355927       2.1471154     0.013422205      -6.2146081       -6.2146081       4.7580308         4.7580308
              4      -4.2818319        2.131379     0.013327963      -6.2146081       -6.2146081       3.8655525         3.8655525
              3      -4.8496455       2.1147016      0.01253128      -6.2146081       -6.2146081       2.7299253         2.7299253
              4       -5.753938        2.063667    0.0064017861      -6.2146081       -6.2146081      0.92134013        0.92134013
              4      -5.8666658       2.0540969     0.006664317      -6.2146081       -6.2146081      0.69588459        0.69588459
              1      -5.9881392       2.0463503    0.0096275733      -6.2146081       -6.2146081      0.45293778        0.45293778
              6      -6.0227641       2.0488842     0.014927018      -6.2146081       -6.2146081      0.38368798        0.38368798
              3      -5.8590096       2.0633056      0.01409008      -6.2146081       -6.2146081      0.71119697        0.71119697
              1      -6.0824296       2.0397751     0.012648939      -6.2146081       -6.2146081      0.26435703        0.26435703
              7      -5.3224445       2.0973582     0.013301276      -6.2146081       -6.2146081       1.7843271         1.7843271
              2      -6.2067391       2.0118685     0.014033124      -6.2146081       -6.2146081     0.015737965       0.015737965
              5      -6.1126497       2.0388984     0.013841538      -6.2146081       -6.2146081      0.20391674        0.20391674
              3       -6.071355       2.0416669     0.011330817      -6.2146081       -6.2146081      0.28650624        0.28650624
              5      -6.0483152       2.0399213    0.0095695381      -6.2146081       -6.2146081      0.33258571        0.33258571
              1      -5.6337328       2.0744777    0.0096199399      -6.2146081       -6.2146081       1.1617506         1.1617506
              4      -5.4852184       2.0897799     0.014796304      -6.2146081       -6.2146081       1.4587794         1.4587794
              1      -5.5601885       2.0845185     0.014707193      -6.2146081       -6.2146081       1.3088391         1.3088391
              2      -6.0476765        2.035317    0.0051810815      -6.2146081       -6.2146081      0.33386313        0.33386313
              8      -6.2017715       2.0107183     0.007995742      -6.2146081       -6.2146081     0.025673281       0.025673281
              8      -6.1981527       2.0139822     0.011805332      -6.2146081       -6.2146081     0.032910824       0.032910824
              3      -6.1904696       2.0203908     0.014784454      -6.2146081       -6.2146081     0.048276983       0.048276983
              1       -6.168398       2.0265852     0.014238012      -6.2146081       -6.2146081     0.092420159       0.092420159
             10        -6.12164       2.0341497     0.011891654      -6.2146081       -6.2146081      0.18593622        0.18593622
              4      -6.0411962       2.0433285     0.011950202      -6.2146081       -6.2146081      0.34682378        0.34682378
              1      -5.7107458       2.0681635    0.0095211619      -6.2146081       -6.2146081       1.0077247         1.0077247
              2      -5.6356602       2.0735877    0.0099366071      -6.2146081       -6.2146081       1.1578957         1.1578957
              9      -6.2141964       2.0062254     0.012839326      -6.2146081       -6.2146081   0.00082345826     0.00082345826
              4       -6.212782       2.0022642     0.014478539      -6.2146081       -6.2146081    0.0036521372      0.0036521372
              6      -5.9899242       2.0523051     0.014580026      -6.2146081       -6.2146081      0.44936775        0.44936775
              1      -5.9046586       2.0585145     0.012847383      -6.2146081       -6.2146081      0.61989891        0.61989891
              8       -5.142362        2.104652     0.014868797      -6.2146081       -6.2146081       2.1444921         2.1444921
              2      -4.6907857       2.1141261    0.0070944864      -6.2146081       -6.2146081       3.0476449         3.0476449
              2      -4.0621218       2.1304659     0.005427272      -6.2146081       -6.2146081       4.3049727         4.3049727
              3      -6.0940757       2.0362735    0.0071423076      -6.2146081       -6.2146081      0.24106473        0.24106473
              2      -6.0842431        2.030701    0.0050036283      -6.2146081       -6.2146081      0.26073005        0.26073005
              9       -6.048419       2.0381992    0.0073554582      -6.2146081       -6.2146081      0.33237813        0.33237813
              5      -6.1060791       2.0346278    0.0096643332      -6.2146081       -6.2146081      0.21705806        0.21705806
              1      -5.9495292       2.0555506     0.013706621      -6.2146081       -6.2146081      0.53015788        0.53015788
              7      -6.2143458       2.0098518     0.014440696      -6.2146081       -6.2146081   0.00052450477     0.00052450477
              9      -6.2139855        2.002497    0.0096035056      -6.2146081       -6.2146081    0.0012451402      0.0012451402
              5      -5.9800613       2.0497179    0.0076719918      -6.2146081       -6.2146081      0.46909352        0.46909352
              1       -5.834241       2.0659985     0.011891056      -6.2146081       -6.2146081      0.76073424        0.76073424
              3       -6.169215       2.0255943     0.012110831      -6.2146081       -6.2146081     0.090786101       0.090786101
