#        weight    minuslogpost  theta_i_ridder     beta_ridder   minuslogprior minuslogprior__0            chi2 chi2__rs_gaussian
              3      -6.0206146       2.1276234    0.0088748178      -6.2146081       -6.2146081      0.38798698        0.38798698
              1      -5.9601153         2.14329    0.0081765734      -6.2146081       -6.2146081      0.50898569        0.50898569
              1      -5.8962248       2.1443873    0.0079020361      -6.2146081       -6.2146081      0.63676657        0.63676657
              1      -6.0604082       2.1590787    0.0084892316      -6.2146081       -6.2146081      0.30839981        0.30839981
              1      -6.2093365       2.1665652    0.0088562659      -6.2146081       -6.2146081     0.010543258       0.010543258
              3      -6.2067943       2.1613466     0.009920729      -6.2146081       -6.2146081     0.015627522       0.015627522
              1      -3.4753455       2.1590218     0.010260974      -6.2146081       -6.2146081       5.4785251         5.4785251
              2      -6.1562091       2.1396165    0.0089350644      -6.2146081       -6.2146081      0.11679802        0.11679802
              1      -6.2146081       2.1496279    0.0059586803      -6.2146081       -6.2146081   2.4365337e-08     2.4365337e-08
              1      -6.2146047       2.1814279    0.0077504848      -6.2146081       -6.2146081   6.8951744e-06     6.8951744e-06
              1      -6.2056693       2.1700943     0.009761907      -6.2146081       -6.2146081     0.017877585       0.017877585
              5      -6.1489175       2.1760773     0.011655641      -6.2146081       -6.2146081      0.13138127        0.13138127
             16      -6.2071901       2.1514518     0.014591503      -6.2146081       -6.2146081     0.014836061       0.014836061
              1      -4.0098958       2.1412628     0.013740419      -6.2146081       -6.2146081       4.4094246         4.4094246
              1      -3.8964006        2.141594     0.014009494      -6.2146081       -6.2146081        4.636415          4.636415
              2      -4.7533813        2.117786     0.014302528      -6.2146081       -6.2146081       2.9224536         2.9224536
              1      -5.1469757       2.1042302     0.014721706      -6.2146081       -6.2146081       2.1352647         2.1352647
              2      -5.1147085       2.1039915     0.014549219      -6.2146081       -6.2146081       2.1997991         2.1997991
              1      -5.2054494       2.1008185     0.014699231      -6.2146081       -6.2146081       2.0183173         2.0183173
              3      -5.3930037       2.0932155     0.013091043      -6.2146081       -6.2146081       1.6432088         1.6432088
              1      -5.4622363       2.0966757     0.010690034      -6.2146081       -6.2146081       1.5047436         1.5047436
              1      -5.8214934        2.116233     0.010971882      -6.2146081       -6.2146081      0.78622948        0.78622948
              1      -5.6611033       2.1246686     0.011375546      -6.2146081       -6.2146081       1.1070097         1.1070097
              1      -5.6287635       2.1155667     0.013277634      -6.2146081       -6.2146081       1.1716892         1.1716892
              2      -5.9800118       2.1149332       0.0133436      -6.2146081       -6.2146081       0.4691925         0.4691925
              2      -5.7103144       2.1104081     0.012014239      -6.2146081       -6.2146081       1.0085874         1.0085874
              1      -4.9617024       2.1085417     0.011294958      -6.2146081       -6.2146081       2.5058113         2.5058113
              1      -4.6935231       2.1195088     0.011010378      -6.2146081       -6.2146081       3.0421701         3.0421701
              2      -4.2590172       2.1304421     0.011856416      -6.2146081       -6.2146081       3.9111817         3.9111817
              1      -4.0098273       2.1296355      0.01150418      -6.2146081       -6.2146081       4.4095615         4.4095615
              1      -4.8680144        2.139254     0.011283932      -6.2146081       -6.2146081       2.6931875         2.6931875
              1      -4.4270972       2.1545267     0.010677872      -6.2146081       -6.2146081       3.5750218         3.5750218
              2      -5.2147893       2.1574311     0.011409775      -6.2146081       -6.2146081       1.9996377         1.9996377
              1      -4.8860161       2.1094019     0.010177587      -6.2146081       -6.2146081        2.657184          2.657184
              2      -3.5016266       2.1353271    0.0094504958      -6.2146081       -6.2146081        5.425963          5.425963
              6      -4.0346184       2.1643269    0.0091796856      -6.2146081       -6.2146081       4.3599795         4.3599795
              2      -2.8251436       2.1811727    0.0090734274      -6.2146081       -6.2146081       6.7789291         6.7789291
              1      -4.1236264       2.1692309     0.011695718      -6.2146081       -6.2146081       4.1819633         4.1819633
              2      -3.3926815       2.1554896     0.011069942      -6.2146081       -6.2146081       5.6438533         5.6438533
              1      -3.4641479       2.1810905    0.0096849186      -6.2146081       -6.2146081       5.5009203         5.5009203
              1      -4.1182258       2.1708769     0.011202459      -6.2146081       -6.2146081       4.1927646         4.1927646
              2      -4.6313133       2.1499619    0.0097948051      -6.2146081       -6.2146081       3.1665895         3.1665895
              2      -4.5413104       2.1214253     0.011282938      -6.2146081       -6.2146081       3.3465954         3.3465954
              2      -5.0437435       2.1070342     0.012795262      -6.2146081       -6.2146081       2.3417292         2.3417292
              3      -4.6426662       2.1237534     0.013334078      -6.2146081       -6.2146081       3.1438838         3.1438838
              1      -5.0727181       2.1204444     0.013890188      -6.2146081       -6.2146081       2.2837799         2.2837799
              1      -4.2226249       2.1088355     0.013199422      -6.2146081       -6.2146081       3.9839664         3.9839664
              1      -5.0327182       2.0965606     0.011033258      -6.2146081       -6.2146081       2.3637799         2.3637799
              1      -5.2711017       2.1007758     0.010794396      -6.2146081       -6.2146081       1.8870128         1.8870128
              1      -4.7452238       2.1043601     0.010697104      -6.2146081       -6.2146081       2.9387686         2.9387686
              2      -5.2393239       2.1080227     0.012046412      -6.2146081       -6.2146081       1.9505683         1.9505683
              1      -5.7204192       2.1066343      0.01289979      -6.2146081       -6.2146081      0.98837771        0.98837771
              1      -4.6719185       2.1077016     0.014188157      -6.2146081       -6.2146081       3.0853792         3.0853792
              2      -5.3888706        2.086438     0.014364297      -6.2146081       -6.2146081        1.651475          1.651475
              2      -4.8014643       2.0761125     0.013161753      -6.2146081       -6.2146081       2.8262875         2.8262875
              1       -5.992749       2.0495469     0.012891834      -6.2146081       -6.2146081      0.44371817        0.44371817
              1       -6.122224       2.0371268     0.013546495      -6.2146081       -6.2146081      0.18476822        0.18476822
              1      -6.2010734        2.011844    0.0087498798      -6.2146081       -6.2146081     0.027069469       0.027069469
              2      -6.2133433       2.0016355     0.006897863      -6.2146081       -6.2146081    0.0025295648      0.0025295648
              2      -6.2081752        2.007241    0.0076351641      -6.2146081       -6.2146081     0.012865849       0.012865849
              2      -6.0947948       2.0313808     0.007670446      -6.2146081       -6.2146081      0.23962653        0.23962653
              8      -6.1504116       2.0224709    0.0065193102      -6.2146081       -6.2146081      0.12839299        0.12839299
              1      -4.3080555       2.0413443     0.010733211      -6.2146081       -6.2146081       3.8131052         3.8131052
              6      -4.3991152       2.0008854     0.012545301      -6.2146081       -6.2146081       3.6309858         3.6309858
              1      -2.7302476       2.0053661      0.01196799      -6.2146081       -6.2146081        6.968721          6.968721
              2      -5.0554532       2.0136805     0.013013759      -6.2146081       -6.2146081       2.3183097         2.3183097
              1      -5.3300535       2.0613393     0.013470535      -6.2146081       -6.2146081       1.7691091         1.7691091
              1      -5.0557503       2.0611655     0.013651894      -6.2146081       -6.2146081       2.3177156         2.3177156
              2      -5.7320263       2.1226647     0.013808043      -6.2146081       -6.2146081      0.96516361        0.96516361
              2      -6.1669318       2.1270251     0.013392023      -6.2146081       -6.2146081     0.095352599       0.095352599
              1      -6.1796544       2.1383177     0.011350181      -6.2146081       -6.2146081     0.069907299       0.069907299
              2      -5.2235607       2.1611358     0.012612153      -6.2146081       -6.2146081       1.9820948         1.9820948
              1      -4.3913993       2.1648614     0.013544912      -6.2146081       -6.2146081       3.6464177         3.6464177
              1      -4.6678094       2.1398521     0.012832472      -6.2146081       -6.2146081       3.0935975         3.0935975
              2      -5.8331997       2.1479139     0.010002464      -6.2146081       -6.2146081      0.76281685        0.76281685
              1      -6.2144948       2.1290805     0.010588345      -6.2146081       -6.2146081    0.0002265535      0.0002265535
              2      -6.1731331       2.1526064     0.013118472      -6.2146081       -6.2146081     0.082950053       0.082950053
              3      -6.1760094       2.1744993     0.014557752      -6.2146081       -6.2146081      0.07719749        0.07719749
              1      -6.1920899       2.1742028     0.014559824      -6.2146081       -6.2146081     0.045036447       0.045036447
              1      -6.1050878        2.147241    0.0089585276      -6.2146081       -6.2146081      0.21904065        0.21904065
              2      -4.5680598         2.17316    0.0077109175      -6.2146081       -6.2146081       3.2930966         3.2930966
              1      -4.6580114       2.1115556    0.0059849377      -6.2146081       -6.2146081       3.1131933         3.1131933
              2      -4.9745845       2.0242097    0.0074778909      -6.2146081       -6.2146081       2.4800472         2.4800472
              2      -5.9651895       2.0406237    0.0084019372      -6.2146081       -6.2146081      0.49883714        0.49883714
              1      -5.9150103       2.0572303     0.010142605      -6.2146081       -6.2146081      0.59919563        0.59919563
              1      -5.9997504       2.0506682     0.010261413      -6.2146081       -6.2146081      0.42971532        0.42971532
              2      -4.6073099       2.1161501    0.0064497443      -6.2146081       -6.2146081       3.2145964         3.2145964
              6       -6.122764       2.0325471    0.0060656986      -6.2146081       -6.2146081      0.18368816        0.18368816
             10      -5.6721623       2.0712542    0.0062259529      -6.2146081       -6.2146081       1.0848916         1.0848916
              1      -5.8329653       2.0833021    0.0053776347      -6.2146081       -6.2146081      0.76328568        0.76328568
              3      -5.7018887       2.1703424    0.0094840993      -6.2146081       -6.2146081       1.0254388         1.0254388
              2      -5.3956733       2.1918126     0.011260495      -6.2146081       -6.2146081       1.6378697         1.6378697
              1      -5.0482229        2.108847    0.0090874906      -6.2146081       -6.2146081       2.3327705         2.3327705
              2      -6.0724364       2.1225171    0.0063181828      -6.2146081       -6.2146081       0.2843433         0.2843433
              6      -6.1622736        2.165841    0.0055022342      -6.2146081       -6.2146081      0.10466906        0.10466906
              5      -6.0754313       2.0511495    0.0051073098      -6.2146081       -6.2146081      0.27835365        0.27835365
              5      -6.1923465       2.1601931     0.014293641      -6.2146081       -6.2146081     0.044523152       0.044523152
              3      -6.1784061       2.0944588    0.0095445781      -6.2146081       -6.2146081     0.072403957       0.072403957
              2      -6.1697322       2.1278755     0.010743206      -6.2146081       -6.2146081     0.089751757       0.089751757
              1      -6.0574335       2.1110674     0.012065188      -6.2146081       -6.2146081      0.31434916        0.31434916
              2      -6.0285791       2.0021792    0.0072631574      -6.2146081       -6.2146081      0.37205809        0.37205809
              1      -6.1830099       2.0058755    0.0059664603      -6.2146081       -6.2146081     0.063196325       0.063196325
              2      -5.5742582       2.0906664    0.0074476627      -6.2146081       -6.2146081       1.2806999         1.2806999
              1      -5.7974047       2.0768149      0.00975606      -6.2146081       -6.2146081       0.8344068         0.8344068
              2      -4.9811601       2.0139933    0.0079443052      -6.2146081       -6.2146081       2.4668959         2.4668959
              3      -5.5068432       2.0140728    0.0078322025      -6.2146081       -6.2146081       1.4155298         1.4155298
              1      -5.0855492       2.0565032    0.0064363498      -6.2146081       -6.2146081       2.2581179         2.2581179
              5      -5.0134769       2.1533134     0.013714669      -6.2146081       -6.2146081       2.4022625         2.4022625
              1      -5.1221109       2.0841981       0.0133973      -6.2146081       -6.2146081       2.1849943         2.1849943
              2      -6.0948779        2.067823    0.0075977569      -6.2146081       -6.2146081      0.23946038        0.23946038
              5      -6.1475869       2.0730323    0.0052104269      -6.2146081       -6.2146081       0.1340423         0.1340423
              1      -6.0245346       2.1236712    0.0080241297      -6.2146081       -6.2146081      0.38014707        0.38014707
              2      -5.9949739       2.0850985     0.010107319      -6.2146081       -6.2146081      0.43926847        0.43926847
              1      -6.1673059       2.1281668     0.008699945      -6.2146081       -6.2146081     0.094604422       0.094604422
              1      -6.1884137       2.1325118      0.01246692      -6.2146081       -6.2146081     0.052388837       0.052388837
              1      -6.1589975        2.094781     0.012104218      -6.2146081       -6.2146081      0.11122123        0.11122123
              4      -6.0384103       2.0989943     0.012446944      -6.2146081       -6.2146081      0.35239563        0.35239563
              6      -6.0340706         2.04888      0.01477779      -6.2146081       -6.2146081      0.36107506        0.36107506
             31      -6.1563806       2.0266768     0.013025617      -6.2146081       -6.2146081      0.11645497        0.11645497
             14      -6.1933269       2.0221437     0.014346673      -6.2146081       -6.2146081     0.042562387       0.042562387
              2      -6.1970059       2.0147951     0.011983451      -6.2146081       -6.2146081     0.035204464       0.035204464
              5      -5.8862041       2.0601087     0.012870292      -6.2146081       -6.2146081       0.6568079         0.6568079
              2      -5.8571444       2.0620517     0.012939791      -6.2146081       -6.2146081      0.71492738        0.71492738
              1      -6.0275311       2.0477933     0.013467972      -6.2146081       -6.2146081       0.3741539         0.3741539
              3      -6.2131892       2.0063839     0.010568438      -6.2146081       -6.2146081    0.0028378379      0.0028378379
              9      -6.2145699       2.0027174     0.009479352      -6.2146081       -6.2146081   7.6298841e-05     7.6298841e-05
              1      -5.9921234       2.0422037     0.014811293      -6.2146081       -6.2146081      0.44496932        0.44496932
