#        weight    minuslogpost  theta_i_ridder     beta_ridder   minuslogprior minuslogprior__0            chi2 chi2__rs_gaussian
              5      -4.7335369        2.113843    0.0071410652      -6.2146081       -6.2146081       2.9621425         2.9621425
              1       -3.682415       2.0913838    0.0077908796      -6.2146081       -6.2146081       5.0643862         5.0643862
              1      -3.4465412       2.0872174    0.0078365687      -6.2146081       -6.2146081       5.5361339         5.5361339
              1      -4.6440133       2.0861987     0.006907567      -6.2146081       -6.2146081       3.1411896         3.1411896
              8      -5.4084652       2.0902517    0.0067668084      -6.2146081       -6.2146081       1.6122858         1.6122858
              1      -5.1296014       2.0749022    0.0087083301      -6.2146081       -6.2146081       2.1700134         2.1700134
              6      -5.4415933       2.0420889    0.0061141365      -6.2146081       -6.2146081       1.5460297         1.5460297
              1      -5.2108969       2.0561842    0.0059564654      -6.2146081       -6.2146081       2.0074224         2.0074224
              1      -5.6657507       2.0709348    0.0060099983      -6.2146081       -6.2146081       1.0977147         1.0977147
              2      -6.1849841       2.0702753    0.0078270478      -6.2146081       -6.2146081     0.059248011       0.059248011
              1      -6.0338818       2.0938663    0.0083434993      -6.2146081       -6.2146081      0.36145251        0.36145251
              1       -5.619358        2.081368    0.0081802382      -6.2146081       -6.2146081       1.1905001         1.1905001
             16      -6.1161535       2.0847581     0.005584995      -6.2146081       -6.2146081      0.19690927        0.19690927
              1      -5.8499054       2.0848451    0.0057553995      -6.2146081       -6.2146081      0.72940538        0.72940538
              2      -5.2768632       2.0768268    0.0068999839      -6.2146081       -6.2146081       1.8754899         1.8754899
              1      -5.3052605       2.0970601    0.0086356136      -6.2146081       -6.2146081       1.8186951         1.8186951
              1      -5.5318531       2.0777715     0.010884201      -6.2146081       -6.2146081       1.3655101         1.3655101
              2      -5.9103975       2.1186255     0.011739498      -6.2146081       -6.2146081      0.60842129        0.60842129
              1      -5.9763861       2.1469141    0.0065000612      -6.2146081       -6.2146081      0.47644401        0.47644401
              1      -6.1126256       2.1727725    0.0078961961      -6.2146081       -6.2146081      0.20396491        0.20396491
              1      -5.9428256       2.1696843    0.0067225775      -6.2146081       -6.2146081      0.54356505        0.54356505
              4      -5.7273985       2.1900214    0.0061874373      -6.2146081       -6.2146081       0.9744191         0.9744191
              2      -6.0683136       2.1702431    0.0093463967      -6.2146081       -6.2146081      0.29258892        0.29258892
             13      -5.9967268       2.1842774     0.010329615      -6.2146081       -6.2146081      0.43576257        0.43576257
              1      -4.2097955       2.1884682     0.013035237      -6.2146081       -6.2146081       4.0096252         4.0096252
              8      -6.0086739       2.1697633     0.013324962      -6.2146081       -6.2146081      0.41186836        0.41186836
              1      -5.7295253       2.1644298     0.013195361      -6.2146081       -6.2146081      0.97016557        0.97016557
              6       -5.824467       2.1737518     0.014488925      -6.2146081       -6.2146081      0.78028215        0.78028215
              3      -5.8676519        2.177085     0.012817994      -6.2146081       -6.2146081      0.69391242        0.69391242
              1      -6.2141699       2.1622421     0.011957471      -6.2146081       -6.2146081   0.00087641362     0.00087641362
              1      -3.5492227        2.149416     0.010707397      -6.2146081       -6.2146081       5.3307709         5.3307709
              1      -6.2143582       2.1548168     0.010153253      -6.2146081       -6.2146081   0.00049987392     0.00049987392
              2      -6.1294044       2.1528049    0.0095032381      -6.2146081       -6.2146081      0.17040748        0.17040748
              3       -4.917651       2.1577891    0.0097604035      -6.2146081       -6.2146081       2.5939142         2.5939142
              2      -4.6486759       2.1756347     0.010211359      -6.2146081       -6.2146081       3.1318644         3.1318644
              2      -5.1261314       2.1780257     0.009756146      -6.2146081       -6.2146081       2.1769533         2.1769533
              2      -5.0895777       2.1865631     0.010897644      -6.2146081       -6.2146081       2.2500608         2.2500608
              1      -5.0986011       2.1709787    0.0099653785      -6.2146081       -6.2146081       2.2320141         2.2320141
              4      -4.8927625       2.1715298    0.0099926981      -6.2146081       -6.2146081       2.6436912         2.6436912
              4       -5.746856       2.1997008     0.007591844      -6.2146081       -6.2146081      0.93550412        0.93550412
             10      -4.1886498       2.1996275    0.0075719976      -6.2146081       -6.2146081       4.0519167         4.0519167
              3      -4.1724954       2.1806985     0.010383189      -6.2146081       -6.2146081       4.0842253         4.0842253
              1      -2.9840595       2.1806578     0.010398196      -6.2146081       -6.2146081       6.4610972         6.4610972
              2       -6.027011       2.1876141      0.01138618      -6.2146081       -6.2146081      0.37519429        0.37519429
              6      -5.2620413       2.1981764     0.008996513      -6.2146081       -6.2146081       1.9051336         1.9051336
              3      -5.4352476       2.1855677      0.01008506      -6.2146081       -6.2146081        1.558721          1.558721
              1      -5.4975245       2.1932124     0.011877464      -6.2146081       -6.2146081       1.4341672         1.4341672
              1      -5.2601673       2.1795477     0.010240904      -6.2146081       -6.2146081       1.9088815         1.9088815
              1      -5.2318789       2.1872375    0.0095988335      -6.2146081       -6.2146081       1.9654584         1.9654584
              1      -5.8594629       2.1901364     0.007974924      -6.2146081       -6.2146081       0.7102904         0.7102904
              1      -6.0850917       2.1983216    0.0081210415      -6.2146081       -6.2146081      0.25903281        0.25903281
              1      -6.1187048       2.1849674     0.010102712      -6.2146081       -6.2146081      0.19180657        0.19180657
              3      -6.1945552       2.1664122    0.0088523003      -6.2146081       -6.2146081     0.040105788       0.040105788
              3      -6.0615338       2.1708931     0.011281141      -6.2146081       -6.2146081      0.30614865        0.30614865
              1      -6.1097248       2.1748911     0.014843852      -6.2146081       -6.2146081      0.20976654        0.20976654
              1      -6.1370403       2.1630289     0.014119558      -6.2146081       -6.2146081      0.15513553        0.15513553
              1       -5.397013       2.1687496     0.013182647      -6.2146081       -6.2146081       1.6351902         1.6351902
              1      -6.1972977       2.1617369     0.011771632      -6.2146081       -6.2146081     0.034620868       0.034620868
              2      -6.1730344       2.1813605     0.010796332      -6.2146081       -6.2146081     0.083147327       0.083147327
              1      -6.1777464       2.1792242    0.0096925282      -6.2146081       -6.2146081     0.073723448       0.073723448
              1      -6.1655199        2.177307    0.0099614726      -6.2146081       -6.2146081      0.09817631        0.09817631
              1      -5.7233524       2.1444016    0.0076158034      -6.2146081       -6.2146081      0.98251143        0.98251143
              2      -5.9050527       2.1432691    0.0076545652      -6.2146081       -6.2146081      0.61911072        0.61911072
              1      -5.5695533       2.1599011    0.0087164339      -6.2146081       -6.2146081       1.2901096         1.2901096
              3      -5.6649151       2.1583742    0.0089556004      -6.2146081       -6.2146081       1.0993861         1.0993861
              1      -5.4481601       2.1578223     0.010896264      -6.2146081       -6.2146081        1.532896          1.532896
              1      -6.1627452       2.0947811        0.010717      -6.2146081       -6.2146081      0.10372587        0.10372587
              1      -6.2049946       2.0916907     0.010351071      -6.2146081       -6.2146081     0.019226923       0.019226923
              3       -5.319629       2.0923786     0.010292973      -6.2146081       -6.2146081       1.7899581         1.7899581
              5      -6.1794373       2.0634016    0.0083628093      -6.2146081       -6.2146081     0.070341583       0.070341583
              1      -5.9563793       2.0760044    0.0087754809      -6.2146081       -6.2146081      0.51645752        0.51645752
              1      -5.9552467        2.073254     0.010467616      -6.2146081       -6.2146081      0.51872286        0.51872286
              1      -5.9551128       2.0719816     0.010446934      -6.2146081       -6.2146081      0.51899068        0.51899068
              1      -5.8075681       2.0580775     0.010793727      -6.2146081       -6.2146081      0.81408004        0.81408004
              1      -5.7729485       2.0540318     0.009171681      -6.2146081       -6.2146081      0.88331915        0.88331915
              1      -5.3260236       2.1464339     0.010274145      -6.2146081       -6.2146081       1.7771691         1.7771691
              1      -5.4649595       2.1460083     0.010630883      -6.2146081       -6.2146081       1.4992972         1.4992972
              3      -5.4617865       2.1378609      0.01077204      -6.2146081       -6.2146081       1.5056433         1.5056433
              2      -6.1088565       2.1365861     0.010788498      -6.2146081       -6.2146081      0.21150316        0.21150316
              2      -6.1899788       2.1301335     0.011330711      -6.2146081       -6.2146081     0.049258643       0.049258643
              1       -6.077389       2.1153823     0.010292126      -6.2146081       -6.2146081       0.2744381         0.2744381
              5       -5.883123       2.0860007      0.01087927      -6.2146081       -6.2146081      0.66297021        0.66297021
              2      -5.7590178       2.0297199     0.011723166      -6.2146081       -6.2146081      0.91118054        0.91118054
              1      -6.2051348       2.0125135     0.010623797      -6.2146081       -6.2146081     0.018946568       0.018946568
              4      -6.2043813       2.0125172     0.012759416      -6.2146081       -6.2146081      0.02045366        0.02045366
              1      -6.2116616       2.0120343     0.012531284      -6.2146081       -6.2146081     0.005892988       0.005892988
             13       -6.161581       2.0269823     0.012353111      -6.2146081       -6.2146081      0.10605424        0.10605424
              1      -5.6534363       2.0271167     0.014204744      -6.2146081       -6.2146081       1.1223436         1.1223436
              2      -6.0187109       2.0263975     0.014204906      -6.2146081       -6.2146081      0.39179445        0.39179445
              4      -6.0815677       2.0114571     0.011346573      -6.2146081       -6.2146081      0.26608089        0.26608089
              1      -6.0598282       2.0254387      0.01206038      -6.2146081       -6.2146081      0.30955987        0.30955987
              3      -6.1934361       2.0160771     0.011104916      -6.2146081       -6.2146081     0.042344076       0.042344076
              2      -6.0471276       2.0055679    0.0071518753      -6.2146081       -6.2146081      0.33496105        0.33496105
              4      -6.0333953       2.0384223    0.0058319388      -6.2146081       -6.2146081      0.36242551        0.36242551
              2      -5.1748228       2.0485443    0.0060964734      -6.2146081       -6.2146081       2.0795706         2.0795706
              1      -6.2115719       2.0539601    0.0071546662      -6.2146081       -6.2146081     0.006072485       0.006072485
              2      -5.3704005       2.0862445    0.0072071664      -6.2146081       -6.2146081       1.6884152         1.6884152
              3      -6.2119276       2.0048451     0.014585553      -6.2146081       -6.2146081    0.0053609551      0.0053609551
              1      -6.2082207       2.0712158     0.010614581      -6.2146081       -6.2146081     0.012774824       0.012774824
              1      -6.1000973       2.0792838    0.0060892493      -6.2146081       -6.2146081       0.2290216         0.2290216
              5      -6.1713756       2.1170812    0.0064816408      -6.2146081       -6.2146081     0.086465027       0.086465027
              2      -6.2127292       2.0713954      0.00751473      -6.2146081       -6.2146081    0.0037578914      0.0037578914
              3      -5.1719238       2.0968731    0.0099456013      -6.2146081       -6.2146081       2.0853686         2.0853686
              3      -6.2137698       2.0818803     0.010081567      -6.2146081       -6.2146081    0.0016766147      0.0016766147
              1      -4.8370404       2.1105345     0.010155829      -6.2146081       -6.2146081       2.7551353         2.7551353
              3      -4.9441696       2.1102399     0.010857224      -6.2146081       -6.2146081        2.540877          2.540877
              5         -5.0108       2.1060884     0.011891059      -6.2146081       -6.2146081       2.4076161         2.4076161
              4      -4.2642606       2.1345493     0.012998465      -6.2146081       -6.2146081        3.900695          3.900695
              1      -4.7614698       2.1194561     0.013051385      -6.2146081       -6.2146081       2.9062765         2.9062765
              2      -3.9614323       2.1400578      0.01115954      -6.2146081       -6.2146081       4.5063515         4.5063515
              6      -5.7427124       2.1507714     0.014801127      -6.2146081       -6.2146081      0.94379131        0.94379131
              1       -1.643232        2.122907      0.01294707      -6.2146081       -6.2146081       9.1427521         9.1427521
              3      -2.0043173       2.1760181    0.0083796317      -6.2146081       -6.2146081       8.4205815         8.4205815
              1      -2.8798799       2.1612193    0.0073174563      -6.2146081       -6.2146081       6.6694564         6.6694564
              3      -5.9691346       2.1744971       0.0062593      -6.2146081       -6.2146081      0.49094702        0.49094702
              2       -5.494489       2.1376249    0.0064637264      -6.2146081       -6.2146081       1.4402382         1.4402382
              2      -5.4500938       2.0821675    0.0052908901      -6.2146081       -6.2146081       1.5290287         1.5290287
              5      -5.7599224        2.047951    0.0060902714      -6.2146081       -6.2146081      0.90937143        0.90937143
              1      -5.6028966       2.1310878     0.011613183      -6.2146081       -6.2146081        1.223423          1.223423
              1       -6.154064       2.1330961     0.012436203      -6.2146081       -6.2146081      0.12108818        0.12108818
              1      -6.1857927       2.1301117     0.012477302      -6.2146081       -6.2146081     0.057630761       0.057630761
              1      -6.0963051       2.1690725         0.01129      -6.2146081       -6.2146081      0.23660595        0.23660595
              6      -6.0863451       2.1770984     0.012788267      -6.2146081       -6.2146081      0.25652603        0.25652603
              6      -6.0567642       2.1978967    0.0083565549      -6.2146081       -6.2146081      0.31568776        0.31568776
              1      -4.8886801       2.1931483    0.0080363425      -6.2146081       -6.2146081       2.6518561         2.6518561
              7      -5.2114245       2.1984216    0.0078073898      -6.2146081       -6.2146081       2.0063673         2.0063673
              1       -5.281781       2.1828933     0.008658064      -6.2146081       -6.2146081       1.8656541         1.8656541
              3      -6.1168082       2.1086659    0.0050687398      -6.2146081       -6.2146081      0.19559986        0.19559986
              5      -5.8722485       2.1444621    0.0085199478      -6.2146081       -6.2146081      0.68471929        0.68471929
             12      -5.6266741       2.1663683    0.0055470143      -6.2146081       -6.2146081        1.175868          1.175868
              8      -4.3691086        2.199198    0.0073419015      -6.2146081       -6.2146081       3.6909991         3.6909991
              1      -5.3174583       2.1912551     0.010808686      -6.2146081       -6.2146081       1.7942997         1.7942997
              3      -4.3121161       2.1259608    0.0099412064      -6.2146081       -6.2146081        3.804984          3.804984
              1      -4.3636437       2.1254767     0.010702916      -6.2146081       -6.2146081       3.7019289         3.7019289
              5      -5.6087045       2.0763704     0.010515134      -6.2146081       -6.2146081       1.2118072         1.2118072
              1      -4.1967467       2.0761895     0.010509984      -6.2146081       -6.2146081       4.0357228         4.0357228
              2      -5.1711196       2.0958226    0.0065425903      -6.2146081       -6.2146081       2.0869769         2.0869769
              2      -5.5402393       2.0801692     0.010709758      -6.2146081       -6.2146081       1.3487375         1.3487375
              4      -5.3388256       2.0906138     0.008931468      -6.2146081       -6.2146081       1.7515649         1.7515649
              1      -5.3353412       2.0903071    0.0094236171      -6.2146081       -6.2146081       1.7585337         1.7585337
              1      -5.3242449       2.0910078    0.0094569839      -6.2146081       -6.2146081       1.7807263         1.7807263
              1      -5.7985995       2.0650209     0.012585114      -6.2146081       -6.2146081      0.83201729        0.83201729
              5      -5.8756402       2.0600266     0.011916836      -6.2146081       -6.2146081      0.67793575        0.67793575
              1       -5.968397       2.0354484     0.010713496      -6.2146081       -6.2146081      0.49242212        0.49242212
              1      -6.1954417       2.0524307     0.010781017      -6.2146081       -6.2146081     0.038332887       0.038332887
              5      -5.8776585       2.0515551     0.012103258      -6.2146081       -6.2146081      0.67389926        0.67389926
              3      -6.1098676       2.0544397     0.011095607      -6.2146081       -6.2146081      0.20948094        0.20948094
              1      -6.2120009       2.0912276     0.010112569      -6.2146081       -6.2146081    0.0052143943      0.0052143943
              3      -5.0902294       2.1031784     0.012238123      -6.2146081       -6.2146081       2.2487575         2.2487575
              1      -5.6194869       2.1201252     0.011964877      -6.2146081       -6.2146081       1.1902423         1.1902423
              4      -5.8748282       2.1182101    0.0070227753      -6.2146081       -6.2146081      0.67955978        0.67955978
              1      -6.1370229       2.1343039    0.0075487398      -6.2146081       -6.2146081      0.15517035        0.15517035
              1      -5.6105365       2.1107487     0.011689958      -6.2146081       -6.2146081       1.2081433         1.2081433
              1      -5.8113424       2.0939172    0.0077734645      -6.2146081       -6.2146081      0.80653137        0.80653137
              3      -5.8150103       2.0971838    0.0076937388      -6.2146081       -6.2146081       0.7991956         0.7991956
             12      -6.1047032       2.0026862     0.014530297      -6.2146081       -6.2146081      0.21980973        0.21980973
              1      -6.1021494       2.0224935     0.007396726      -6.2146081       -6.2146081      0.22491748        0.22491748
              1      -5.0065249       2.0717676    0.0081880347      -6.2146081       -6.2146081       2.4161665         2.4161665
              3      -6.0692877       2.1268159    0.0093355085      -6.2146081       -6.2146081       0.2906407         0.2906407
              3      -6.2125881       2.0121174     0.013771726      -6.2146081       -6.2146081    0.0040399086      0.0040399086
              2      -6.1704903       2.0011406    0.0093976932      -6.2146081       -6.2146081     0.088235557       0.088235557
              3      -6.1763347       2.0275564     0.014812099      -6.2146081       -6.2146081     0.076546891       0.076546891
              1      -5.9917909       2.0090686      0.01440804      -6.2146081       -6.2146081      0.44563433        0.44563433
              3      -6.2140762       2.0046787     0.013525869      -6.2146081       -6.2146081    0.0010638667      0.0010638667
              7      -6.0589141       2.0451637     0.014968979      -6.2146081       -6.2146081      0.31138806        0.31138806
             10      -6.1548039       2.0280905     0.011519041      -6.2146081       -6.2146081      0.11960838        0.11960838
              1      -4.8063173       2.0552545     0.009911895      -6.2146081       -6.2146081       2.8165815         2.8165815
             10      -5.8016993       2.0878679     0.011192357      -6.2146081       -6.2146081      0.82581758        0.82581758
              1      -5.7881473       2.0540549     0.007954919      -6.2146081       -6.2146081      0.85292169        0.85292169
              5       -5.744579       2.0708462     0.014547843      -6.2146081       -6.2146081      0.94005828        0.94005828
              1      -5.8780417       2.0668318     0.011657741      -6.2146081       -6.2146081      0.67313278        0.67313278
              1       -5.574261       2.0731116     0.010560982      -6.2146081       -6.2146081       1.2806942         1.2806942
              5      -5.1648918       2.1474743     0.010223949      -6.2146081       -6.2146081       2.0994326         2.0994326
              4       -6.182407       2.1168992    0.0092416707      -6.2146081       -6.2146081     0.064402276       0.064402276
              1      -5.6049991       2.1257349     0.009817785      -6.2146081       -6.2146081        1.219218          1.219218
              5      -6.0203738       2.0470961     0.013517033      -6.2146081       -6.2146081      0.38846855        0.38846855
              2      -2.6292582       2.1718696     0.014401805      -6.2146081       -6.2146081       7.1706999         7.1706999
              1      -6.1265583       2.0368536     0.014369613      -6.2146081       -6.2146081      0.17609955        0.17609955
              1      -6.0136686       2.0957168    0.0062898207      -6.2146081       -6.2146081      0.40187896        0.40187896
              3      -6.0575185       2.0493711    0.0078244558      -6.2146081       -6.2146081      0.31417928        0.31417928
              5      -5.8455168       2.1759642    0.0072352336      -6.2146081       -6.2146081      0.73818268        0.73818268
              6      -6.1265723        2.146583     0.007981898      -6.2146081       -6.2146081      0.17607152        0.17607152
              3      -5.7091436       2.1555103    0.0078061437      -6.2146081       -6.2146081       1.0109289         1.0109289
              1      -4.2369169       2.1118931      0.01254987      -6.2146081       -6.2146081       3.9553825         3.9553825
              3      -6.1902422       2.0694074     0.012890261      -6.2146081       -6.2146081     0.048731867       0.048731867
              2      -6.0597749       2.0672555     0.012253279      -6.2146081       -6.2146081       0.3096664         0.3096664
              2      -2.6233361       2.1474534     0.012913009      -6.2146081       -6.2146081       7.1825441         7.1825441
              6      -5.5906195       2.1610148    0.0067206229      -6.2146081       -6.2146081       1.2479772         1.2479772
              6      -5.4581518       2.0878797    0.0082238775      -6.2146081       -6.2146081       1.5129126         1.5129126
              3      -5.3234135       2.1682762    0.0083364873      -6.2146081       -6.2146081       1.7823891         1.7823891
              6       -6.026882        2.140176    0.0063297432      -6.2146081       -6.2146081      0.37545212        0.37545212
              5      -6.2125795       2.1274785    0.0067155784      -6.2146081       -6.2146081    0.0040571613      0.0040571613
              4      -6.1756605       2.0053396     0.014582648      -6.2146081       -6.2146081      0.07789521        0.07789521
              1       -6.093901       2.1867921     0.010028107      -6.2146081       -6.2146081      0.24141425        0.24141425
              2      -6.2046045       2.1534344    0.0062218092      -6.2146081       -6.2146081     0.020007213       0.020007213
              5      -6.0130006       2.1078528    0.0069251159      -6.2146081       -6.2146081        0.403215          0.403215
              2      -5.9037876       2.0871517    0.0066087618      -6.2146081       -6.2146081        0.621641          0.621641
              2      -5.3178082        2.127456    0.0056177263      -6.2146081       -6.2146081       1.7935998         1.7935998
              3       -5.890924       2.0816894    0.0079092787      -6.2146081       -6.2146081       0.6473682         0.6473682
              2      -6.0362017       2.0032725     0.010344887      -6.2146081       -6.2146081      0.35681278        0.35681278
             12      -4.9789968       2.0017804    0.0061718904      -6.2146081       -6.2146081       2.4712226         2.4712226
              3      -6.1707973       2.0630618    0.0094820254      -6.2146081       -6.2146081     0.087621615       0.087621615
              9      -6.0773434       2.0573405    0.0099590686      -6.2146081       -6.2146081      0.27452934        0.27452934
              2      -5.6869923       2.0595117     0.010592308      -6.2146081       -6.2146081       1.0552316         1.0552316
              1      -6.2135928       2.0001359     0.010064791      -6.2146081       -6.2146081    0.0020305251      0.0020305251
             28      -6.1601134       2.0430319    0.0057118498      -6.2146081       -6.2146081      0.10898939        0.10898939
              1      -6.0499732       2.0407844    0.0056709991      -6.2146081       -6.2146081      0.32926982        0.32926982
              3       -6.211046       2.0433974    0.0057897617      -6.2146081       -6.2146081    0.0071241746      0.0071241746
             10      -6.1550726       2.0402747    0.0060515106      -6.2146081       -6.2146081      0.11907098        0.11907098
              2      -5.6842516       2.0250791    0.0063240025      -6.2146081       -6.2146081       1.0607129         1.0607129
              3      -4.3600255       2.0189756    0.0050741351      -6.2146081       -6.2146081       3.7091651         3.7091651
              6      -5.7840653       2.0504693    0.0072208108      -6.2146081       -6.2146081       0.8610855         0.8610855
              2      -4.4788938       2.0228175    0.0080286893      -6.2146081       -6.2146081       3.4714287         3.4714287
              1      -6.0297259       2.1931164      0.01384582      -6.2146081       -6.2146081      0.36976447        0.36976447
              8      -6.2004541       2.1883709     0.014144449      -6.2146081       -6.2146081     0.028307909       0.028307909
              2      -6.1941266       2.1931284    0.0091953821      -6.2146081       -6.2146081     0.040962994       0.040962994
              1      -6.1565352       2.0937432     0.010446536      -6.2146081       -6.2146081      0.11614587        0.11614587
              2       -6.143601       2.1062968     0.011969323      -6.2146081       -6.2146081      0.14201416        0.14201416
             12       -6.202873       2.1621313     0.010421885      -6.2146081       -6.2146081       0.0234701         0.0234701
              3      -5.7506844       2.0835118     0.011066615      -6.2146081       -6.2146081      0.92784731        0.92784731
              5      -4.9017946       2.1114551     0.013827362      -6.2146081       -6.2146081        2.625627          2.625627
              2      -4.6303643       2.1207807     0.013568979      -6.2146081       -6.2146081       3.1684877         3.1684877
              2      -6.2026599       2.1199763     0.013848872      -6.2146081       -6.2146081     0.023896328       0.023896328
              4      -6.1942931       2.1978084     0.011876998      -6.2146081       -6.2146081     0.040629945       0.040629945
              1      -6.1626749       2.0482919     0.014138224      -6.2146081       -6.2146081      0.10386642        0.10386642
              5      -6.0263874       2.0575798    0.0090721767      -6.2146081       -6.2146081      0.37644141        0.37644141
              7      -6.2112073       2.0605037     0.011982397      -6.2146081       -6.2146081    0.0068016195      0.0068016195
