#        weight    minuslogpost  theta_i_ridder     beta_ridder   minuslogprior minuslogprior__0            chi2 chi2__rs_gaussian
              1      -4.7335369       2.0990737     0.011154962      -6.2146081       -6.2146081       2.9621425         2.9621425
              1      -4.4138315       2.1088448    0.0099960691      -6.2146081       -6.2146081       3.6015532         3.6015532
              1      -4.4300952       2.1063091     0.009463877      -6.2146081       -6.2146081       3.5690257         3.5690257
              2       -4.420326       2.1371525     0.007994288      -6.2146081       -6.2146081       3.5885641         3.5885641
              1       -3.682415        2.139084    0.0092339985      -6.2146081       -6.2146081       5.0643862         5.0643862
              1      -3.4465412       2.1461458     0.010658637      -6.2146081       -6.2146081       5.5361339         5.5361339
              1      -4.6440133       2.1186261     0.012022764      -6.2146081       -6.2146081       3.1411896         3.1411896
              4      -5.4084652       2.0916184     0.011659695      -6.2146081       -6.2146081       1.6122858         1.6122858
              2       -4.383374       2.0730267     0.010132229      -6.2146081       -6.2146081       3.6624682         3.6624682
              1      -4.5579049       2.0757674     0.010886104      -6.2146081       -6.2146081       3.3134065         3.3134065
              1      -5.1296014       2.0237266     0.012778066      -6.2146081       -6.2146081       2.1700134         2.1700134
              2      -5.4415933       2.0150914     0.011750009      -6.2146081       -6.2146081       1.5460297         1.5460297
              1      -5.6657507       2.0131073     0.011673942      -6.2146081       -6.2146081       1.0977147         1.0977147
              1      -6.1849841       2.0176759     0.010482279      -6.2146081       -6.2146081     0.059248011       0.059248011
              5      -6.0338818       2.0385786    0.0063401983      -6.2146081       -6.2146081      0.36145251        0.36145251
              4       -5.097147       2.0301454    0.0064094721      -6.2146081       -6.2146081       2.2349221         2.2349221
              1      -2.0219786       2.0364873    0.0078589894      -6.2146081       -6.2146081        8.385259          8.385259
              5      -3.4169701       2.0273682    0.0077374605      -6.2146081       -6.2146081        5.595276          5.595276
              5      -5.8499054       2.0260862    0.0067439264      -6.2146081       -6.2146081      0.72940538        0.72940538
              1      -5.9103975       2.0371725    0.0072731125      -6.2146081       -6.2146081      0.60842129        0.60842129
              1      -5.9763861       2.0266516    0.0094772029      -6.2146081       -6.2146081      0.47644401        0.47644401
              1      -6.1126256       2.0267653    0.0088467257      -6.2146081       -6.2146081      0.20396491        0.20396491
              1      -5.9428256       2.0568541    0.0089009767      -6.2146081       -6.2146081      0.54356505        0.54356505
              1      -5.7273985        2.067098    0.0098600764      -6.2146081       -6.2146081       0.9744191         0.9744191
              2      -6.0683136       2.0431858     0.012414092      -6.2146081       -6.2146081      0.29258892        0.29258892
             13      -5.9967268       2.0509851     0.010347808      -6.2146081       -6.2146081      0.43576257        0.43576257
              3      -4.5940791       2.0437025    0.0097493348      -6.2146081       -6.2146081       3.2410579         3.2410579
              1      -5.7295253       2.0319043     0.010358802      -6.2146081       -6.2146081      0.97016557        0.97016557
              7       -5.824467       2.0214727     0.013269886      -6.2146081       -6.2146081      0.78028215        0.78028215
              2      -5.8676519       2.0244659     0.013825114      -6.2146081       -6.2146081      0.69391242        0.69391242
              3      -2.7489581       2.0228492     0.013557599      -6.2146081       -6.2146081       6.9313001         6.9313001
             10      -6.2141699       2.0059159     0.014129446      -6.2146081       -6.2146081   0.00087641362     0.00087641362
              4      -6.2143582       2.0070617      0.01241538      -6.2146081       -6.2146081   0.00049987392     0.00049987392
              4       -4.917651       2.0417738    0.0087873367      -6.2146081       -6.2146081       2.5939142         2.5939142
              1      -3.4836998       2.0529373    0.0053791099      -6.2146081       -6.2146081       5.4618166         5.4618166
              2      -5.1261314       2.0779565    0.0061986028      -6.2146081       -6.2146081       2.1769533         2.1769533
              2      -5.0895777       2.0999685    0.0093108873      -6.2146081       -6.2146081       2.2500608         2.2500608
              2      -5.0986011       2.1004485    0.0093875893      -6.2146081       -6.2146081       2.2320141         2.2320141
              1      -4.2961753        2.099234     0.009442991      -6.2146081       -6.2146081       3.8368655         3.8368655
              2      -3.1979835       2.0805133     0.010837852      -6.2146081       -6.2146081       6.0332492         6.0332492
              1      -3.3579032       2.0687458     0.013023879      -6.2146081       -6.2146081       5.7134098         5.7134098
              2      -4.1886498       2.0621205     0.012667235      -6.2146081       -6.2146081       4.0519167         4.0519167
              4      -4.1724954       2.0497824     0.011478508      -6.2146081       -6.2146081       4.0842253         4.0842253
              1       -6.027011       2.0460925    0.0093070091      -6.2146081       -6.2146081      0.37519429        0.37519429
              1      -5.2574862       2.0511003     0.010333018      -6.2146081       -6.2146081       1.9142437         1.9142437
              1      -5.2620413       2.0300439     0.011360738      -6.2146081       -6.2146081       1.9051336         1.9051336
              1      -4.7372486       2.0378625      0.01230326      -6.2146081       -6.2146081       2.9547189         2.9547189
              1      -4.4542376        2.023089     0.013528788      -6.2146081       -6.2146081        3.520741          3.520741
              8      -5.4352476       2.0131113     0.014669125      -6.2146081       -6.2146081        1.558721          1.558721
              1      -5.4975245       2.0039769     0.014794504      -6.2146081       -6.2146081       1.4341672         1.4341672
              1      -5.2601673       2.0033548     0.014341238      -6.2146081       -6.2146081       1.9088815         1.9088815
              2      -5.2318789        2.017287      0.01388317      -6.2146081       -6.2146081       1.9654584         1.9654584
              1      -5.8594629       2.0332864     0.012997277      -6.2146081       -6.2146081       0.7102904         0.7102904
              1      -6.0850917        2.040929     0.014377548      -6.2146081       -6.2146081      0.25903281        0.25903281
              1      -6.1187048       2.0277494     0.012940677      -6.2146081       -6.2146081      0.19180657        0.19180657
              3      -6.1945552       2.0388727     0.011920398      -6.2146081       -6.2146081     0.040105788       0.040105788
              3      -6.0615338       2.0360204     0.010841953      -6.2146081       -6.2146081      0.30614865        0.30614865
              1      -6.1097248         2.03734     0.012045334      -6.2146081       -6.2146081      0.20976654        0.20976654
              2      -6.1370403       2.0324406     0.012595862      -6.2146081       -6.2146081      0.15513553        0.15513553
              1      -6.1972977       2.0168206      0.01242499      -6.2146081       -6.2146081     0.034620868       0.034620868
              2      -6.1730344       2.0204779    0.0090817789      -6.2146081       -6.2146081     0.083147327       0.083147327
              1      -6.1777464       2.0227499     0.012778037      -6.2146081       -6.2146081     0.073723448       0.073723448
              1      -6.1655199       2.0264491     0.011965402      -6.2146081       -6.2146081      0.09817631        0.09817631
              2      -5.7233524       2.0737413     0.014118186      -6.2146081       -6.2146081      0.98251143        0.98251143
              1      -5.9050527       2.0606813      0.01260322      -6.2146081       -6.2146081      0.61911072        0.61911072
              7      -5.5695533       2.0844136     0.013919502      -6.2146081       -6.2146081       1.2901096         1.2901096
              3      -5.4481601       2.0921679     0.014118397      -6.2146081       -6.2146081        1.532896          1.532896
              1      -6.1627452       2.0633617     0.014855778      -6.2146081       -6.2146081      0.10372587        0.10372587
             10      -6.2049946       2.0591538     0.013211923      -6.2146081       -6.2146081     0.019226923       0.019226923
              1      -3.7083764       2.0352801     0.012725205      -6.2146081       -6.2146081       5.0124634         5.0124634
              1      -5.9563793         2.05377     0.011909524      -6.2146081       -6.2146081      0.51645752        0.51645752
              1      -5.9552467       2.0564717     0.012521958      -6.2146081       -6.2146081      0.51872286        0.51872286
              1      -5.9551128       2.0544554     0.011976118      -6.2146081       -6.2146081      0.51899068        0.51899068
              1      -5.8075681       2.0658173      0.01155642      -6.2146081       -6.2146081      0.81408004        0.81408004
              1      -5.7729485       2.0643138    0.0095101897      -6.2146081       -6.2146081      0.88331915        0.88331915
              1      -5.3260236       2.0929908     0.009299481      -6.2146081       -6.2146081       1.7771691         1.7771691
              3      -5.4649595       2.0859313    0.0095510652      -6.2146081       -6.2146081       1.4992972         1.4992972
              2      -6.1088565       2.0487154    0.0085773967      -6.2146081       -6.2146081      0.21150316        0.21150316
              1      -6.1899788       2.0752012    0.0071478097      -6.2146081       -6.2146081     0.049258643       0.049258643
              1       -6.077389       2.0495864     0.011138075      -6.2146081       -6.2146081       0.2744381         0.2744381
              3       -5.883123       2.0426539     0.010693055      -6.2146081       -6.2146081      0.66297021        0.66297021
              4      -5.7590178       2.0595437     0.013617537      -6.2146081       -6.2146081      0.91118054        0.91118054
              1      -6.2051348       2.0655735    0.0098410107      -6.2146081       -6.2146081     0.018946568       0.018946568
              1      -6.2043813       2.0660069    0.0098374618      -6.2146081       -6.2146081      0.02045366        0.02045366
              3      -6.2067159       2.0707571     0.008080206      -6.2146081       -6.2146081     0.015784417       0.015784417
              1      -6.2116616       2.0969106    0.0088821914      -6.2146081       -6.2146081     0.005892988       0.005892988
              1       -6.161581         2.05736     0.011351186      -6.2146081       -6.2146081      0.10605424        0.10605424
              5      -6.1908045       2.0406075    0.0065640037      -6.2146081       -6.2146081     0.047607135       0.047607135
              2      -5.6534363       2.0402838    0.0060576889      -6.2146081       -6.2146081       1.1223436         1.1223436
              2      -6.0187109       2.0464813    0.0058680205      -6.2146081       -6.2146081      0.39179445        0.39179445
              1      -6.0815677       2.0717818    0.0081889488      -6.2146081       -6.2146081      0.26608089        0.26608089
              2      -4.1664276        2.038411     0.012220097      -6.2146081       -6.2146081        4.096361          4.096361
              2      -6.0598282       2.0208911      0.01022783      -6.2146081       -6.2146081      0.30955987        0.30955987
              3      -6.1934361        2.054818    0.0057520427      -6.2146081       -6.2146081     0.042344076       0.042344076
              1      -6.0774287       2.0574555    0.0051017241      -6.2146081       -6.2146081      0.27435871        0.27435871
              1      -6.0471276       2.1586438     0.007522591      -6.2146081       -6.2146081      0.33496105        0.33496105
              1      -6.0333953       2.1538066    0.0060353497      -6.2146081       -6.2146081      0.36242551        0.36242551
              7      -5.8521649       2.1611306    0.0055950948      -6.2146081       -6.2146081      0.72488641        0.72488641
              2      -6.2115719       2.1873164     0.011375911      -6.2146081       -6.2146081     0.006072485       0.006072485
              1      -6.2119276       2.1667096     0.010866764      -6.2146081       -6.2146081    0.0053609551      0.0053609551
              1      -6.2082207       2.1863012    0.0061017202      -6.2146081       -6.2146081     0.012774824       0.012774824
              1      -6.1000973       2.1879771     0.011471829      -6.2146081       -6.2146081       0.2290216         0.2290216
              3      -6.1713756       2.1766963     0.011812754      -6.2146081       -6.2146081     0.086465027       0.086465027
              5      -6.2127292       2.1848109     0.011504708      -6.2146081       -6.2146081    0.0037578914      0.0037578914
              4      -6.2137698       2.1614881     0.013522905      -6.2146081       -6.2146081    0.0016766147      0.0016766147
              1      -4.8370404       2.1505196     0.014739748      -6.2146081       -6.2146081       2.7551353         2.7551353
              6      -4.9441696       2.1505607     0.014728417      -6.2146081       -6.2146081        2.540877          2.540877
              5         -5.0108       2.1762766     0.013518108      -6.2146081       -6.2146081       2.4076161         2.4076161
              2      -4.1041557       2.1971961     0.012468243      -6.2146081       -6.2146081       4.2209048         4.2209048
              5      -4.2642606       2.1770084      0.01098157      -6.2146081       -6.2146081        3.900695          3.900695
              3      -4.7614698       2.1764099     0.011164821      -6.2146081       -6.2146081       2.9062765         2.9062765
             12      -5.7427124       2.1827387     0.010473576      -6.2146081       -6.2146081      0.94379131        0.94379131
              2      -5.9691346       2.1822297     0.007737679      -6.2146081       -6.2146081      0.49094702        0.49094702
              3      -5.7560364       2.1956147     0.012362975      -6.2146081       -6.2146081      0.91714342        0.91714342
              2      -3.6379708       2.1535323    0.0095659618      -6.2146081       -6.2146081       5.1532745         5.1532745
              1       -5.494489       2.1533645     0.006026784      -6.2146081       -6.2146081       1.4402382         1.4402382
              1      -5.4500938       2.1694648    0.0055872401      -6.2146081       -6.2146081       1.5290287         1.5290287
              2      -5.7599224        2.158145    0.0074211022      -6.2146081       -6.2146081      0.90937143        0.90937143
              1       -6.154064       2.0866392      0.01032924      -6.2146081       -6.2146081      0.12108818        0.12108818
              1      -6.1857927        2.081857    0.0066228908      -6.2146081       -6.2146081     0.057630761       0.057630761
              1      -6.0963051        2.103026    0.0079815205      -6.2146081       -6.2146081      0.23660595        0.23660595
              4      -6.0863451       2.0812493     0.011232428      -6.2146081       -6.2146081      0.25652603        0.25652603
              1      -5.6461912        2.042563     0.013903067      -6.2146081       -6.2146081       1.1368339         1.1368339
              2      -6.0567642       2.0666133      0.01447129      -6.2146081       -6.2146081      0.31568776        0.31568776
              4      -5.5303902        2.108448     0.011824346      -6.2146081       -6.2146081       1.3684357         1.3684357
              1      -4.8886801       2.0929884     0.013936402      -6.2146081       -6.2146081       2.6518561         2.6518561
              1      -5.2114245       2.0701642     0.012232156      -6.2146081       -6.2146081       2.0063673         2.0063673
              1       -5.281781       2.0695605     0.012156929      -6.2146081       -6.2146081       1.8656541         1.8656541
              1      -6.1168082       2.1040353    0.0086963774      -6.2146081       -6.2146081      0.19559986        0.19559986
              1      -5.8722485       2.1029114    0.0085534512      -6.2146081       -6.2146081      0.68471929        0.68471929
              3      -5.6266741       2.1272485    0.0061403307      -6.2146081       -6.2146081        1.175868          1.175868
              2      -4.3691086       2.1644296    0.0076503328      -6.2146081       -6.2146081       3.6909991         3.6909991
              5      -5.3174583        2.135459    0.0084956667      -6.2146081       -6.2146081       1.7942997         1.7942997
              7      -5.6087045       2.1673037    0.0080002735      -6.2146081       -6.2146081       1.2118072         1.2118072
              4      -5.5402393       2.1557884    0.0078910867      -6.2146081       -6.2146081       1.3487375         1.3487375
              1      -4.6994971       2.1816977    0.0093773356      -6.2146081       -6.2146081        3.030222          3.030222
              1      -5.3353412       2.1525145      0.01402357      -6.2146081       -6.2146081       1.7585337         1.7585337
              3      -5.3242449       2.1604135    0.0073553039      -6.2146081       -6.2146081       1.7807263         1.7807263
              1      -5.7985995       2.1564525    0.0098823279      -6.2146081       -6.2146081      0.83201729        0.83201729
              5      -5.8756402       2.1035157      0.01060156      -6.2146081       -6.2146081      0.67793575        0.67793575
              1       -5.968397       2.0699252      0.01338269      -6.2146081       -6.2146081      0.49242212        0.49242212
              1      -6.1954417       2.0962417     0.010697737      -6.2146081       -6.2146081     0.038332887       0.038332887
              1      -5.8776585       2.0999176     0.011143624      -6.2146081       -6.2146081      0.67389926        0.67389926
              2      -6.1098676       2.0539003     0.010434217      -6.2146081       -6.2146081      0.20948094        0.20948094
              2      -5.7500449        2.000029     0.010677648      -6.2146081       -6.2146081      0.92912633        0.92912633
              1      -6.2120009       2.0058304    0.0083233382      -6.2146081       -6.2146081    0.0052143943      0.0052143943
              4      -5.0902294        2.081244    0.0085212046      -6.2146081       -6.2146081       2.2487575         2.2487575
              4      -5.6194869       2.0764267    0.0093282143      -6.2146081       -6.2146081       1.1902423         1.1902423
              1      -4.7985546       2.1045743    0.0077047921      -6.2146081       -6.2146081        2.832107          2.832107
              1      -4.6055248       2.1214014     0.007429597      -6.2146081       -6.2146081       3.2181667         3.2181667
              3      -6.1370229       2.1163988     0.012913791      -6.2146081       -6.2146081      0.15517035        0.15517035
              2      -5.6105365       2.1409015     0.011998107      -6.2146081       -6.2146081       1.2081433         1.2081433
              1      -5.8113424       2.1255053    0.0069523713      -6.2146081       -6.2146081      0.80653137        0.80653137
              3      -5.8150103       2.1258855    0.0069302411      -6.2146081       -6.2146081       0.7991956         0.7991956
              3      -6.1047032       2.1471771    0.0054921763      -6.2146081       -6.2146081      0.21980973        0.21980973
              4      -3.9070206       2.1405121     0.010600982      -6.2146081       -6.2146081       4.6151749         4.6151749
              4      -6.1021494        2.169752     0.013981302      -6.2146081       -6.2146081      0.22491748        0.22491748
              1      -6.0692877       2.1234927    0.0064327836      -6.2146081       -6.2146081       0.2906407         0.2906407
              2      -5.3035426       2.0912593     0.009675404      -6.2146081       -6.2146081       1.8221309         1.8221309
             16      -6.2125881       2.0795461    0.0056529847      -6.2146081       -6.2146081    0.0040399086      0.0040399086
              1      -6.1763347        2.068347     0.011882896      -6.2146081       -6.2146081     0.076546891       0.076546891
              1      -5.9917909       2.0503521     0.011794072      -6.2146081       -6.2146081      0.44563433        0.44563433
              6      -6.2140762       2.0647728     0.012677706      -6.2146081       -6.2146081    0.0010638667      0.0010638667
              4      -6.0589141        2.124309     0.013762574      -6.2146081       -6.2146081      0.31138806        0.31138806
              2      -6.1548039       2.1492679    0.0067098309      -6.2146081       -6.2146081      0.11960838        0.11960838
              3       -5.568573       2.1276722    0.0099359191      -6.2146081       -6.2146081       1.2920702         1.2920702
              1      -5.8016993       2.1737701    0.0078289814      -6.2146081       -6.2146081      0.82581758        0.82581758
              4      -4.9078395         2.19503     0.013011041      -6.2146081       -6.2146081       2.6135373         2.6135373
              8      -5.2762337        2.198347     0.011493262      -6.2146081       -6.2146081       1.8767487         1.8767487
              3      -5.7881473       2.1724729    0.0061576882      -6.2146081       -6.2146081      0.85292169        0.85292169
              2       -5.744579       2.0878312     0.013620102      -6.2146081       -6.2146081      0.94005828        0.94005828
              3      -5.6076054       2.0813556       0.0138559      -6.2146081       -6.2146081       1.2140054         1.2140054
              2      -5.8780417       2.0919428     0.013108746      -6.2146081       -6.2146081      0.67313278        0.67313278
              1       -5.574261       2.0729329    0.0073275335      -6.2146081       -6.2146081       1.2806942         1.2806942
              3      -5.1648918        2.129391      0.00560961      -6.2146081       -6.2146081       2.0994326         2.0994326
              2       -6.182407       2.1264337    0.0060841366      -6.2146081       -6.2146081     0.064402276       0.064402276
              1      -5.6049991       2.0586209     0.007111515      -6.2146081       -6.2146081        1.219218          1.219218
              7      -6.0203738       2.0585845    0.0070606989      -6.2146081       -6.2146081      0.38846855        0.38846855
              2      -6.1265583       2.0585053    0.0050747259      -6.2146081       -6.2146081      0.17609955        0.17609955
              3      -6.0136686       2.0426114    0.0050581173      -6.2146081       -6.2146081      0.40187896        0.40187896
              2      -6.0575185       2.0412253    0.0082263285      -6.2146081       -6.2146081      0.31417928        0.31417928
              1      -5.8455168       2.0583263     0.009672826      -6.2146081       -6.2146081      0.73818268        0.73818268
              1      -4.2364025       2.1342591     0.010856836      -6.2146081       -6.2146081       3.9564112         3.9564112
              1      -4.1715095       2.1319331     0.011428752      -6.2146081       -6.2146081       4.0861972         4.0861972
              3      -3.6014078       2.1531867     0.013458002      -6.2146081       -6.2146081       5.2264007         5.2264007
              4      -6.1265723       2.0499139    0.0050355121      -6.2146081       -6.2146081      0.17607152        0.17607152
              1      -5.0929674       2.0332465    0.0057831054      -6.2146081       -6.2146081       2.2432814         2.2432814
              2      -5.7091436       2.1276194     0.014812463      -6.2146081       -6.2146081       1.0109289         1.0109289
              1       -4.154171       2.0539929     0.013091138      -6.2146081       -6.2146081       4.1208743         4.1208743
              1      -4.2369169       2.0665572     0.010675749      -6.2146081       -6.2146081       3.9553825         3.9553825
              1      -6.1902422       2.0295188     0.010532004      -6.2146081       -6.2146081     0.048731867       0.048731867
              1      -5.3148923       2.0322094    0.0093642144      -6.2146081       -6.2146081       1.7994316         1.7994316
              3      -4.7670594       2.0357965    0.0092492319      -6.2146081       -6.2146081       2.8950973         2.8950973
             10      -6.0597749        2.034563    0.0054155064      -6.2146081       -6.2146081       0.3096664         0.3096664
              2      -5.5906195       2.1103917    0.0081882524      -6.2146081       -6.2146081       1.2479772         1.2479772
              3      -3.1977321       2.0388625     0.014037959      -6.2146081       -6.2146081       6.0337519         6.0337519
              4      -4.9674955       2.0583071     0.014826259      -6.2146081       -6.2146081       2.4942252         2.4942252
              3      -5.4581518       2.1425066    0.0063504824      -6.2146081       -6.2146081       1.5129126         1.5129126
              2      -5.3234135       2.1023297    0.0095951956      -6.2146081       -6.2146081       1.7823891         1.7823891
              7       -6.026882        2.198027     0.007373136      -6.2146081       -6.2146081      0.37545212        0.37545212
              2      -6.2125795        2.191173    0.0062257502      -6.2146081       -6.2146081    0.0040571613      0.0040571613
              1      -6.1756605       2.1759222     0.010569777      -6.2146081       -6.2146081      0.07789521        0.07789521
              3       -6.093901       2.0944128    0.0096040999      -6.2146081       -6.2146081      0.24141425        0.24141425
              3      -6.2046045       2.0746071    0.0062100257      -6.2146081       -6.2146081     0.020007213       0.020007213
              2      -6.0130006       2.0767823    0.0053021295      -6.2146081       -6.2146081        0.403215          0.403215
              2       -5.897777       2.1444977      0.01039138      -6.2146081       -6.2146081      0.63366216        0.63366216
              4      -5.9037876       2.1459523    0.0088717527      -6.2146081       -6.2146081        0.621641          0.621641
              2       -5.890924       2.0409922     0.012491352      -6.2146081       -6.2146081       0.6473682         0.6473682
              2      -4.8782274       2.0054197    0.0068994968      -6.2146081       -6.2146081       2.6727614         2.6727614
             10      -6.0362017       2.0461207    0.0053227025      -6.2146081       -6.2146081      0.35681278        0.35681278
              2      -6.1707973       2.0571542     0.011563494      -6.2146081       -6.2146081     0.087621615       0.087621615
              4      -6.0773434       2.1544857     0.005621802      -6.2146081       -6.2146081      0.27452934        0.27452934
              2      -5.0419611       2.1415412    0.0081405287      -6.2146081       -6.2146081       2.3452941         2.3452941
              1      -5.2934317       2.1893715    0.0090024519      -6.2146081       -6.2146081       1.8423529         1.8423529
              1      -4.3092363       2.1627212      0.01092037      -6.2146081       -6.2146081       3.8107436         3.8107436
              2      -5.4382529        2.141827    0.0090305252      -6.2146081       -6.2146081       1.5527104         1.5527104
              1      -5.6869923       2.1102008    0.0095718748      -6.2146081       -6.2146081       1.0552316         1.0552316
              2      -6.2135928        2.123471     0.014635299      -6.2146081       -6.2146081    0.0020305251      0.0020305251
             17      -6.1601134        2.159983     0.012526662      -6.2146081       -6.2146081      0.10898939        0.10898939
              3       -6.211046       2.1324274    0.0087537094      -6.2146081       -6.2146081    0.0071241746      0.0071241746
              4      -5.1052238       2.1034455     0.012006614      -6.2146081       -6.2146081       2.2187685         2.2187685
              1      -5.3189967       2.0974721     0.013325259      -6.2146081       -6.2146081       1.7912228         1.7912228
              9      -5.6842516       2.0762126     0.012926757      -6.2146081       -6.2146081       1.0607129         1.0607129
              1      -6.0297259        2.047557     0.014233857      -6.2146081       -6.2146081      0.36976447        0.36976447
              3      -6.2004541       2.0113195    0.0081839654      -6.2146081       -6.2146081     0.028307909       0.028307909
              4      -6.1941266       2.0150042     0.010322186      -6.2146081       -6.2146081     0.040962994       0.040962994
              5      -6.1565352       2.0255525     0.011923234      -6.2146081       -6.2146081      0.11614587        0.11614587
              5      -5.2858064       2.0267042     0.011865342      -6.2146081       -6.2146081       1.8576035         1.8576035
              1      -4.6815382       2.0632183     0.010709907      -6.2146081       -6.2146081       3.0661398         3.0661398
              2      -4.9556069       2.0702362     0.012715604      -6.2146081       -6.2146081       2.5180023         2.5180023
              4      -5.0839216       2.0750505     0.012907016      -6.2146081       -6.2146081       2.2613729         2.2613729
              8      -5.7506844       2.0578937      0.01354204      -6.2146081       -6.2146081      0.92784731        0.92784731
              1      -6.2026599       2.0904203    0.0097466788      -6.2146081       -6.2146081     0.023896328       0.023896328
              3      -6.1942931       2.0823237    0.0086426699      -6.2146081       -6.2146081     0.040629945       0.040629945
              2      -6.0263874       2.0828869    0.0086356808      -6.2146081       -6.2146081      0.37644141        0.37644141
              1      -5.3491878       2.1703205    0.0084014205      -6.2146081       -6.2146081       1.7308406         1.7308406
             10      -6.2112073       2.1773318    0.0078944325      -6.2146081       -6.2146081    0.0068016195      0.0068016195
