#        weight    minuslogpost  theta_i_ridder     beta_ridder   minuslogprior minuslogprior__0            chi2 chi2__rs_gaussian
              1      -4.7335369       2.1403461     0.013415854      -6.2146081       -6.2146081       2.9621425         2.9621425
              3      -4.4138315       2.1282237     0.014851138      -6.2146081       -6.2146081       3.6015532         3.6015532
              2      -4.4300952       2.1404495     0.014221522      -6.2146081       -6.2146081       3.5690257         3.5690257
              1       -4.420326        2.131747     0.012540656      -6.2146081       -6.2146081       3.5885641         3.5885641
              1      -2.1054031       2.1590753     0.011125779      -6.2146081       -6.2146081       8.2184101         8.2184101
              1       -3.682415       2.1466478     0.011821203      -6.2146081       -6.2146081       5.0643862         5.0643862
              1      -3.4465412       2.1383877     0.010345084      -6.2146081       -6.2146081       5.5361339         5.5361339
              1      -4.6440133       2.1662655      0.01019855      -6.2146081       -6.2146081       3.1411896         3.1411896
              6      -5.4084652       2.1662838     0.010233399      -6.2146081       -6.2146081       1.6122858         1.6122858
              1      -4.5579049       2.1884049     0.010150015      -6.2146081       -6.2146081       3.3134065         3.3134065
              1      -5.1296014       2.1919989    0.0077980191      -6.2146081       -6.2146081       2.1700134         2.1700134
              1      -5.4415933       2.1995653    0.0079136399      -6.2146081       -6.2146081       1.5460297         1.5460297
              1      -5.2108969       2.1887114     0.010335588      -6.2146081       -6.2146081       2.0074224         2.0074224
              1      -5.6657507       2.1678539    0.0094008642      -6.2146081       -6.2146081       1.0977147         1.0977147
              1      -6.1849841       2.1669528    0.0078889944      -6.2146081       -6.2146081     0.059248011       0.059248011
              1      -6.0338818       2.1773297    0.0078271421      -6.2146081       -6.2146081      0.36145251        0.36145251
              1       -5.619358       2.1757794    0.0059396145      -6.2146081       -6.2146081       1.1905001         1.1905001
             16      -6.1161535        2.177004    0.0059295558      -6.2146081       -6.2146081      0.19690927        0.19690927
              1      -5.8499054       2.1522074    0.0061482707      -6.2146081       -6.2146081      0.72940538        0.72940538
              1      -5.2768632       2.1086664     0.013719797      -6.2146081       -6.2146081       1.8754899         1.8754899
              2      -5.3052605       2.0970594     0.013052318      -6.2146081       -6.2146081       1.8186951         1.8186951
              1      -5.5318531       2.0738177    0.0096500834      -6.2146081       -6.2146081       1.3655101         1.3655101
              1      -5.9103975       2.0620196    0.0098490586      -6.2146081       -6.2146081      0.60842129        0.60842129
              1      -5.9763861       2.0582491    0.0076133837      -6.2146081       -6.2146081      0.47644401        0.47644401
              2      -6.1126256       2.0463958      0.00700792      -6.2146081       -6.2146081      0.20396491        0.20396491
              4      -5.7273985       2.0418082    0.0056728324      -6.2146081       -6.2146081       0.9744191         0.9744191
              4      -6.0683136       2.0299756    0.0058860773      -6.2146081       -6.2146081      0.29258892        0.29258892
             17      -5.9967268       2.0670285    0.0056511168      -6.2146081       -6.2146081      0.43576257        0.43576257
              9      -6.0086739       2.0673231    0.0056454321      -6.2146081       -6.2146081      0.41186836        0.41186836
              1      -5.7295253       2.0657471    0.0058757462      -6.2146081       -6.2146081      0.97016557        0.97016557
              8       -5.824467       2.0565549    0.0052467533      -6.2146081       -6.2146081      0.78028215        0.78028215
              2      -5.8676519       2.0600998    0.0096074748      -6.2146081       -6.2146081      0.69391242        0.69391242
              2      -6.2141699       2.0389634     0.013219745      -6.2146081       -6.2146081   0.00087641362     0.00087641362
              1      -6.2143582        2.053649     0.013619702      -6.2146081       -6.2146081   0.00049987392     0.00049987392
              2      -6.1294044       2.0775581     0.012790117      -6.2146081       -6.2146081      0.17040748        0.17040748
              1       -4.917651       2.1073195    0.0084654288      -6.2146081       -6.2146081       2.5939142         2.5939142
              1      -3.2541129       2.1368643     0.010498628      -6.2146081       -6.2146081       5.9209903         5.9209903
              1      -4.6486759       2.1152251    0.0097593558      -6.2146081       -6.2146081       3.1318644         3.1318644
              2      -3.4836998       2.1239582     0.007203112      -6.2146081       -6.2146081       5.4618166         5.4618166
              7      -5.0895777         2.13438    0.0050627969      -6.2146081       -6.2146081       2.2500608         2.2500608
              2      -5.0986011        2.129695    0.0091453548      -6.2146081       -6.2146081       2.2320141         2.2320141
              1      -4.2961753       2.1267012     0.010867777      -6.2146081       -6.2146081       3.8368655         3.8368655
              1      -3.1979835       2.1183041     0.010721822      -6.2146081       -6.2146081       6.0332492         6.0332492
              1       -5.746856       2.1405722    0.0097723797      -6.2146081       -6.2146081      0.93550412        0.93550412
              1      -3.3579032       2.1587995     0.014047396      -6.2146081       -6.2146081       5.7134098         5.7134098
              2      -4.1886498       2.1350242     0.014582297      -6.2146081       -6.2146081       4.0519167         4.0519167
              3      -3.7437728       2.1453097     0.011886515      -6.2146081       -6.2146081       4.9416707         4.9416707
              1       -6.027011       2.0994991     0.011893275      -6.2146081       -6.2146081      0.37519429        0.37519429
              1      -5.2574862        2.097203     0.012002825      -6.2146081       -6.2146081       1.9142437         1.9142437
              1      -5.2620413       2.0971292     0.011987346      -6.2146081       -6.2146081       1.9051336         1.9051336
              1      -4.7372486       2.1179375      0.01068663      -6.2146081       -6.2146081       2.9547189         2.9547189
              1      -4.4542376       2.1274527     0.012208843      -6.2146081       -6.2146081        3.520741          3.520741
              1      -5.4352476       2.1191086     0.013329625      -6.2146081       -6.2146081        1.558721          1.558721
              1       -4.807941       2.1149692     0.013021448      -6.2146081       -6.2146081       2.8133343         2.8133343
              2      -5.4975245       2.1388713     0.011521817      -6.2146081       -6.2146081       1.4341672         1.4341672
              2      -5.2601673       2.0956728     0.011508721      -6.2146081       -6.2146081       1.9088815         1.9088815
              1      -5.8594629       2.0886169    0.0092377671      -6.2146081       -6.2146081       0.7102904         0.7102904
              1      -6.0850917        2.118865      0.00829795      -6.2146081       -6.2146081      0.25903281        0.25903281
              1      -6.1187048       2.1289853     0.007734816      -6.2146081       -6.2146081      0.19180657        0.19180657
              3      -6.1945552       2.1404194    0.0097896767      -6.2146081       -6.2146081     0.040105788       0.040105788
              2      -6.0615338       2.1058678     0.010546984      -6.2146081       -6.2146081      0.30614865        0.30614865
              1      -5.4674468       2.0866862     0.010792011      -6.2146081       -6.2146081       1.4943226         1.4943226
              1      -6.1097248       2.0862006     0.010411857      -6.2146081       -6.2146081      0.20976654        0.20976654
              2      -6.1370403       2.0902796     0.010315688      -6.2146081       -6.2146081      0.15513553        0.15513553
              1      -6.1972977         2.14584    0.0072170904      -6.2146081       -6.2146081     0.034620868       0.034620868
              1      -6.1730344        2.157678     0.009339746      -6.2146081       -6.2146081     0.083147327       0.083147327
              3      -5.1508728       2.1850765    0.0067609039      -6.2146081       -6.2146081       2.1274705         2.1274705
              1      -6.1777464       2.1825857    0.0078466205      -6.2146081       -6.2146081     0.073723448       0.073723448
              2      -6.1655199       2.1884484    0.0072755154      -6.2146081       -6.2146081      0.09817631        0.09817631
              1      -5.7233524       2.1924955    0.0089522144      -6.2146081       -6.2146081      0.98251143        0.98251143
              2      -5.9050527       2.1885345    0.0090478201      -6.2146081       -6.2146081      0.61911072        0.61911072
              1      -5.5695533       2.1931161    0.0093389447      -6.2146081       -6.2146081       1.2901096         1.2901096
              3      -5.6649151       2.1836318     0.010153355      -6.2146081       -6.2146081       1.0993861         1.0993861
              1      -5.4481601       2.1796799    0.0069648691      -6.2146081       -6.2146081        1.532896          1.532896
              1      -6.1627452       2.1985672    0.0072216854      -6.2146081       -6.2146081      0.10372587        0.10372587
              9      -6.2049946       2.1926758     0.011554478      -6.2146081       -6.2146081     0.019226923       0.019226923
              6      -6.1794373       2.1763524     0.013078168      -6.2146081       -6.2146081     0.070341583       0.070341583
              1      -5.9563793       2.1732729     0.012813279      -6.2146081       -6.2146081      0.51645752        0.51645752
              2      -5.9552467       2.1902207      0.01084298      -6.2146081       -6.2146081      0.51872286        0.51872286
              1      -5.9551128       2.1808069     0.011547255      -6.2146081       -6.2146081      0.51899068        0.51899068
              4      -5.8075681       2.1829887     0.010393174      -6.2146081       -6.2146081      0.81408004        0.81408004
              1      -5.7729485        2.134082    0.0079411176      -6.2146081       -6.2146081      0.88331915        0.88331915
              1      -5.3260236       2.1602146    0.0055499179      -6.2146081       -6.2146081       1.7771691         1.7771691
              3      -5.4649595        2.143391    0.0093543719      -6.2146081       -6.2146081       1.4992972         1.4992972
              1      -6.1088565       2.0378853     0.013990576      -6.2146081       -6.2146081      0.21150316        0.21150316
              3      -5.6002115       2.0792741     0.011913411      -6.2146081       -6.2146081       1.2287932         1.2287932
              2      -6.1899788       2.0228716     0.013937802      -6.2146081       -6.2146081     0.049258643       0.049258643
              1       -6.077389       2.0337612     0.013561113      -6.2146081       -6.2146081       0.2744381         0.2744381
              1       -5.883123        2.055284     0.006883789      -6.2146081       -6.2146081      0.66297021        0.66297021
              3      -5.5352308       2.1759656     0.007745942      -6.2146081       -6.2146081       1.3587546         1.3587546
              2      -5.7590178       2.0642137    0.0097246168      -6.2146081       -6.2146081      0.91118054        0.91118054
              2      -6.2051348        2.070229    0.0098372806      -6.2146081       -6.2146081     0.018946568       0.018946568
              1      -6.2043813       2.1576021    0.0084832765      -6.2146081       -6.2146081      0.02045366        0.02045366
              4      -6.2067159       2.1660153     0.014785982      -6.2146081       -6.2146081     0.015784417       0.015784417
              2      -6.2116616       2.1615386     0.012857947      -6.2146081       -6.2146081     0.005892988       0.005892988
              2       -6.161581       2.0609534     0.011984689      -6.2146081       -6.2146081      0.10605424        0.10605424
              7      -6.1908045       2.0992744    0.0060736799      -6.2146081       -6.2146081     0.047607135       0.047607135
              1      -5.6534363       2.0899099    0.0071509005      -6.2146081       -6.2146081       1.1223436         1.1223436
              1      -6.0187109       2.0421006     0.005382273      -6.2146081       -6.2146081      0.39179445        0.39179445
              6      -4.7252665        2.014607    0.0070110968      -6.2146081       -6.2146081       2.9786832         2.9786832
              6      -6.0815677       2.0958887     0.012184686      -6.2146081       -6.2146081      0.26608089        0.26608089
              1      -6.0598282       2.0475001      0.01450331      -6.2146081       -6.2146081      0.30955987        0.30955987
              1      -6.1934361        2.017325     0.010986711      -6.2146081       -6.2146081     0.042344076       0.042344076
              2      -6.0774287       2.0205258     0.013475649      -6.2146081       -6.2146081      0.27435871        0.27435871
              2      -6.0471276       2.0260674     0.012611567      -6.2146081       -6.2146081      0.33496105        0.33496105
              2      -6.0333953       2.0084359     0.013291906      -6.2146081       -6.2146081      0.36242551        0.36242551
              1      -5.8521649       2.0916102    0.0078629389      -6.2146081       -6.2146081      0.72488641        0.72488641
              3      -5.1748228       2.0939676    0.0080462534      -6.2146081       -6.2146081       2.0795706         2.0795706
              2      -6.2115719       2.0554533    0.0070393339      -6.2146081       -6.2146081     0.006072485       0.006072485
              3      -5.3704005       2.0073028     0.007853672      -6.2146081       -6.2146081       1.6884152         1.6884152
              1      -6.2119276       2.0387099    0.0070275242      -6.2146081       -6.2146081    0.0053609551      0.0053609551
              2      -6.2082207       2.0204307    0.0078018587      -6.2146081       -6.2146081     0.012774824       0.012774824
              1      -6.1000973       2.0877987    0.0073625108      -6.2146081       -6.2146081       0.2290216         0.2290216
              1      -6.1713756       2.0863052     0.010247532      -6.2146081       -6.2146081     0.086465027       0.086465027
              2      -4.4438179       2.1250865    0.0096298274      -6.2146081       -6.2146081       3.5415805         3.5415805
              7      -6.2127292       2.1529654    0.0066427327      -6.2146081       -6.2146081    0.0037578914      0.0037578914
              1      -6.2137698        2.109069    0.0089833784      -6.2146081       -6.2146081    0.0016766147      0.0016766147
              1      -4.6040357       2.1550017     0.012387494      -6.2146081       -6.2146081       3.2211447         3.2211447
              2      -3.9456185       2.1187978     0.014839906      -6.2146081       -6.2146081       4.5379792         4.5379792
              1      -4.8370404       2.0842605     0.010391829      -6.2146081       -6.2146081       2.7551353         2.7551353
              5      -4.9441696       2.1304675     0.011704652      -6.2146081       -6.2146081        2.540877          2.540877
              9         -5.0108        2.087141     0.012617037      -6.2146081       -6.2146081       2.4076161         2.4076161
              6      -4.7614698       2.0681976       0.0140985      -6.2146081       -6.2146081       2.9062765         2.9062765
             15      -5.7427124       2.0693853     0.013224572      -6.2146081       -6.2146081      0.94379131        0.94379131
              5      -5.9691346       2.0556644     0.012087852      -6.2146081       -6.2146081      0.49094702        0.49094702
              1       -5.494489       2.0528395     0.011630977      -6.2146081       -6.2146081       1.4402382         1.4402382
              1      -5.4500938       2.1659239    0.0073750977      -6.2146081       -6.2146081       1.5290287         1.5290287
              1      -5.7599224       2.1372742     0.012624091      -6.2146081       -6.2146081      0.90937143        0.90937143
              1      -5.6028966       2.0868973     0.011668761      -6.2146081       -6.2146081        1.223423          1.223423
              2       -6.154064       2.0526595     0.011007991      -6.2146081       -6.2146081      0.12108818        0.12108818
              1      -6.1857927       2.0391172     0.010962649      -6.2146081       -6.2146081     0.057630761       0.057630761
              2      -6.0963051       2.0535969    0.0051362792      -6.2146081       -6.2146081      0.23660595        0.23660595
              2      -6.0863451        2.112798    0.0087651955      -6.2146081       -6.2146081      0.25652603        0.25652603
              1      -5.6461912       2.1359721      0.01397282      -6.2146081       -6.2146081       1.1368339         1.1368339
              2      -6.0567642       2.1281857    0.0089542478      -6.2146081       -6.2146081      0.31568776        0.31568776
             10      -5.5303902       2.0048715     0.014622465      -6.2146081       -6.2146081       1.3684357         1.3684357
              1      -4.5927764       2.0038797     0.012317401      -6.2146081       -6.2146081       3.2436635         3.2436635
              1      -4.8886801       2.0320894     0.012002818      -6.2146081       -6.2146081       2.6518561         2.6518561
              2      -5.2114245       2.0395326      0.01328745      -6.2146081       -6.2146081       2.0063673         2.0063673
              2       -5.281781       2.0557805     0.012386732      -6.2146081       -6.2146081       1.8656541         1.8656541
              1      -6.1168082       2.0318035     0.010723223      -6.2146081       -6.2146081      0.19559986        0.19559986
              1      -5.8722485       2.0559442    0.0090025132      -6.2146081       -6.2146081      0.68471929        0.68471929
              8      -5.6266741       2.1672434    0.0083755911      -6.2146081       -6.2146081        1.175868          1.175868
              3      -5.3174583       2.0721153    0.0057130852      -6.2146081       -6.2146081       1.7942997         1.7942997
              4      -4.3121161       2.0797903    0.0057017124      -6.2146081       -6.2146081        3.804984          3.804984
              1      -4.3636437       2.0388172     0.007512595      -6.2146081       -6.2146081       3.7019289         3.7019289
             12      -5.6087045        2.051889    0.0056818846      -6.2146081       -6.2146081       1.2118072         1.2118072
              8      -5.5402393       2.0494567    0.0053280407      -6.2146081       -6.2146081       1.3487375         1.3487375
              5      -5.3388256       2.0052332    0.0064660737      -6.2146081       -6.2146081       1.7515649         1.7515649
              5      -4.6994971       2.0056123    0.0065129009      -6.2146081       -6.2146081        3.030222          3.030222
              1      -5.3353412       2.0129603    0.0057557243      -6.2146081       -6.2146081       1.7585337         1.7585337
              1      -5.3242449       2.0899344    0.0090554124      -6.2146081       -6.2146081       1.7807263         1.7807263
              2      -5.7985995       2.1504345     0.014283645      -6.2146081       -6.2146081      0.83201729        0.83201729
              2      -5.8756402       2.0795215    0.0084767992      -6.2146081       -6.2146081      0.67793575        0.67793575
              1      -5.2963341       2.0577325     0.012579448      -6.2146081       -6.2146081       1.8365481         1.8365481
              2       -5.968397       2.0530713     0.012494754      -6.2146081       -6.2146081      0.49242212        0.49242212
              2      -6.1954417       2.0153229     0.010154068      -6.2146081       -6.2146081     0.038332887       0.038332887
              2      -5.8776585       2.1289401    0.0085733236      -6.2146081       -6.2146081      0.67389926        0.67389926
              1      -6.1098676       2.1007513    0.0081236515      -6.2146081       -6.2146081      0.20948094        0.20948094
              1      -5.7500449       2.1018742    0.0099951706      -6.2146081       -6.2146081      0.92912633        0.92912633
              8      -6.2120009       2.0446145     0.010680702      -6.2146081       -6.2146081    0.0052143943      0.0052143943
              1      -5.6194869       2.0611408    0.0087822336      -6.2146081       -6.2146081       1.1902423         1.1902423
              7      -5.8748282        2.021874    0.0083834533      -6.2146081       -6.2146081      0.67955978        0.67955978
              1      -6.1370229        2.025953     0.008028135      -6.2146081       -6.2146081      0.15517035        0.15517035
              1      -5.6105365       2.0767113    0.0088999518      -6.2146081       -6.2146081       1.2081433         1.2081433
              2      -5.8113424       2.0636742     0.011083901      -6.2146081       -6.2146081      0.80653137        0.80653137
              3      -5.8150103        2.064103     0.011098881      -6.2146081       -6.2146081       0.7991956         0.7991956
              6      -6.1047032       2.0399267     0.014823275      -6.2146081       -6.2146081      0.21980973        0.21980973
             12      -6.1021494       2.0396503     0.014782165      -6.2146081       -6.2146081      0.22491748        0.22491748
              1      -6.2125881       2.1445634    0.0071382269      -6.2146081       -6.2146081    0.0040399086      0.0040399086
              3      -6.1704903       2.1504267    0.0074859031      -6.2146081       -6.2146081     0.088235557       0.088235557
              2      -6.1763347       2.1102324    0.0054558099      -6.2146081       -6.2146081     0.076546891       0.076546891
              1      -5.9917909       2.1108072    0.0054276415      -6.2146081       -6.2146081      0.44563433        0.44563433
              5      -6.2140762       2.1636389     0.010850068      -6.2146081       -6.2146081    0.0010638667      0.0010638667
              5      -6.0589141       2.1974383     0.014748378      -6.2146081       -6.2146081      0.31138806        0.31138806
              1      -6.1548039       2.1563621     0.012223589      -6.2146081       -6.2146081      0.11960838        0.11960838
              8       -5.568573       2.1557778     0.012191045      -6.2146081       -6.2146081       1.2920702         1.2920702
              2      -5.8016993        2.037441     0.012368519      -6.2146081       -6.2146081      0.82581758        0.82581758
              3      -4.9078395       2.1092926     0.011149046      -6.2146081       -6.2146081       2.6135373         2.6135373
              5      -5.2762337       2.1574747     0.011665074      -6.2146081       -6.2146081       1.8767487         1.8767487
              6       -5.744579       2.1635484    0.0071487158      -6.2146081       -6.2146081      0.94005828        0.94005828
              8      -5.8780417       2.0949549    0.0058118531      -6.2146081       -6.2146081      0.67313278        0.67313278
              1      -5.6049991       2.1190105    0.0083977888      -6.2146081       -6.2146081        1.219218          1.219218
              4      -6.0203738       2.0498829     0.011675659      -6.2146081       -6.2146081      0.38846855        0.38846855
              1      -2.6292582        2.034018     0.010262054      -6.2146081       -6.2146081       7.1706999         7.1706999
              2      -6.1265583       2.1441523    0.0081272331      -6.2146081       -6.2146081      0.17609955        0.17609955
              2      -6.0136686       2.1380535     0.010128276      -6.2146081       -6.2146081      0.40187896        0.40187896
              3      -6.0575185       2.1418992     0.010305582      -6.2146081       -6.2146081      0.31417928        0.31417928
              5      -5.8455168       2.0906342     0.012203475      -6.2146081       -6.2146081      0.73818268        0.73818268
              7      -6.1265723       2.0334908     0.010507919      -6.2146081       -6.2146081      0.17607152        0.17607152
              1      -4.7305446       2.1160119    0.0088613785      -6.2146081       -6.2146081       2.9681271         2.9681271
              1      -5.0929674       2.1027485     0.010686934      -6.2146081       -6.2146081       2.2432814         2.2432814
              4      -5.7091436       2.0720755    0.0099601491      -6.2146081       -6.2146081       1.0109289         1.0109289
              3      -4.2369169       2.1334387     0.012364769      -6.2146081       -6.2146081       3.9553825         3.9553825
              9      -6.1902422       2.0169826     0.010689943      -6.2146081       -6.2146081     0.048731867       0.048731867
              2      -6.0597749       2.0516236     0.014397339      -6.2146081       -6.2146081       0.3096664         0.3096664
             20       -4.935258       2.1782689     0.013433637      -6.2146081       -6.2146081       2.5587002         2.5587002
              2      -4.9674955       2.1089253      0.01286059      -6.2146081       -6.2146081       2.4942252         2.4942252
              3      -5.4581518       2.0912984      0.01460057      -6.2146081       -6.2146081       1.5129126         1.5129126
              2      -5.3234135       2.0936514     0.013843556      -6.2146081       -6.2146081       1.7823891         1.7823891
              8       -6.026882       2.0459903     0.011440093      -6.2146081       -6.2146081      0.37545212        0.37545212
              3      -5.0095043        2.123372     0.011840929      -6.2146081       -6.2146081       2.4102076         2.4102076
              1      -6.2125795       2.1134509     0.013571727      -6.2146081       -6.2146081    0.0040571613      0.0040571613
              2      -6.1756605       2.0754207    0.0087963026      -6.2146081       -6.2146081      0.07789521        0.07789521
              1       -6.093901       2.0338483    0.0076562886      -6.2146081       -6.2146081      0.24141425        0.24141425
              1      -6.2046045       2.0347725    0.0075406098      -6.2146081       -6.2146081     0.020007213       0.020007213
              1      -6.0130006       2.0410909    0.0077390469      -6.2146081       -6.2146081        0.403215          0.403215
             10       -5.897777        2.027246    0.0093212188      -6.2146081       -6.2146081      0.63366216        0.63366216
              9      -5.9037876       2.0213128    0.0087028778      -6.2146081       -6.2146081        0.621641          0.621641
              5       -5.890924       2.0590554     0.010156368      -6.2146081       -6.2146081       0.6473682         0.6473682
              4      -6.0362017       2.0421578    0.0097540145      -6.2146081       -6.2146081      0.35681278        0.35681278
              6      -6.1707973       2.0023145      0.01174716      -6.2146081       -6.2146081     0.087621615       0.087621615
              5      -6.0773434       2.0392715     0.011908536      -6.2146081       -6.2146081      0.27452934        0.27452934
              3      -5.2934317       2.0442725    0.0099146508      -6.2146081       -6.2146081       1.8423529         1.8423529
              1      -5.4382529       2.1752372     0.012696701      -6.2146081       -6.2146081       1.5527104         1.5527104
              1      -5.6869923       2.1488329     0.010858633      -6.2146081       -6.2146081       1.0552316         1.0552316
              5      -6.2135928       2.1690864    0.0095453703      -6.2146081       -6.2146081    0.0020305251      0.0020305251
              4      -6.1601134       2.1181726     0.010009606      -6.2146081       -6.2146081      0.10898939        0.10898939
              8      -5.8792145        2.049728      0.01009301      -6.2146081       -6.2146081      0.67078722        0.67078722
              1      -6.0499732       2.0359918    0.0083515555      -6.2146081       -6.2146081      0.32926982        0.32926982
              4       -6.211046       2.0846981    0.0062941169      -6.2146081       -6.2146081    0.0071241746      0.0071241746
             19      -6.1550726        2.098237    0.0066405461      -6.2146081       -6.2146081      0.11907098        0.11907098
              1      -5.3189967       2.1794397     0.008559232      -6.2146081       -6.2146081       1.7912228         1.7912228
              3      -5.6842516       2.1781897    0.0087315925      -6.2146081       -6.2146081       1.0607129         1.0607129
             11      -5.7840653       2.1895623    0.0074207495      -6.2146081       -6.2146081       0.8610855         0.8610855
              1      -6.0297259       2.1605841     0.013005089      -6.2146081       -6.2146081      0.36976447        0.36976447
              9      -6.2004541       2.1740467    0.0054302109      -6.2146081       -6.2146081     0.028307909       0.028307909
              6      -6.1941266       2.0380386    0.0056139302      -6.2146081       -6.2146081     0.040962994       0.040962994
              1      -6.1565352       2.1043079    0.0097578446      -6.2146081       -6.2146081      0.11614587        0.11614587
              1       -6.143601       2.0291497    0.0074457384      -6.2146081       -6.2146081      0.14201416        0.14201416
              2      -5.2858064       2.0447497    0.0056377908      -6.2146081       -6.2146081       1.8576035         1.8576035
              2       -6.202873       2.0300408    0.0085474267      -6.2146081       -6.2146081       0.0234701         0.0234701
              4      -4.6815382       2.1205026     0.013906778      -6.2146081       -6.2146081       3.0661398         3.0661398
              1      -4.9556069       2.1066212     0.010267478      -6.2146081       -6.2146081       2.5180023         2.5180023
              3      -4.0018522       2.1364818     0.011294631      -6.2146081       -6.2146081       4.4255118         4.4255118
              3      -5.7506844       2.0659622    0.0094155998      -6.2146081       -6.2146081      0.92784731        0.92784731
              2      -3.1952148       2.0416414     0.011109554      -6.2146081       -6.2146081       6.0387866         6.0387866
              4      -4.9017946       2.0428172     0.013770544      -6.2146081       -6.2146081        2.625627          2.625627
              2      -4.6303643       2.0834162     0.012940667      -6.2146081       -6.2146081       3.1684877         3.1684877
              1      -6.2026599       2.0138636       0.0130325      -6.2146081       -6.2146081     0.023896328       0.023896328
              1      -6.1942931       2.0182812     0.010902949      -6.2146081       -6.2146081     0.040629945       0.040629945
              1      -6.1626749       2.0223687     0.010138746      -6.2146081       -6.2146081      0.10386642        0.10386642
              8      -6.0263874       2.0479483     0.010436842      -6.2146081       -6.2146081      0.37644141        0.37644141
              8      -6.2112073       2.1408885    0.0066982115      -6.2146081       -6.2146081    0.0068016195      0.0068016195
