#        weight    minuslogpost            logA             n_s              H0         omega_b       omega_cdm        tau_reio ridder_Lambda_EDE_eV      ridder_a_c ridder_sigma_lna             A_s         rs_drag       chi2__BAO       chi2__CMB   minuslogprior minuslogprior__0            chi2 chi2__planck_2018_lowl.TT chi2__planck_2018_lowl.EE chi2__bao.sixdf_2011_bao chi2__bao.sdss_dr7_mgs chi2__bao.sdss_dr12_consensus_bao
              5       193.79209       3.0669578      0.94006408       73.026026     0.024683422      0.12361562     0.043747299           0.78410204   0.00047437145       0.78036173   2.1476468e-09       139.14054       7.2677272        418.1822      -18.932873       -18.932873       425.44993                 20.770659                 397.41154              0.034795332              2.2609596                         4.9719722
              3       194.51587       3.0671856       0.9380688       72.794041     0.024681856      0.12262572     0.044534605           0.80341938    0.0005503473       0.80908783   2.1481361e-09       139.39496       7.4176305       419.42411      -18.904997       -18.904997       426.84174                 22.130395                 397.29372              0.024250667              2.1563517                         5.2370282
              1       194.59621       3.0666879      0.93849632       72.649516     0.024661151      0.12300549     0.044437254           0.80587013   0.00055853326       0.78632224   2.1470673e-09       139.32826       7.5062114       419.41117      -18.862476       -18.862476       426.91738                 22.104511                 397.30666              0.010911597              1.9913408                          5.503959
              2       193.81675        3.068207      0.93761994       73.043708     0.024622517      0.12317033     0.041991252           0.76667781   0.00053600535       0.72137055   2.1503312e-09       139.29095       7.3124567       418.18696      -18.932957       -18.932957       425.49942                 20.444534                 397.74243              0.045716714              2.3506676                         4.9160725
              2       193.53775       3.0665842      0.93891239       73.327363     0.024624272      0.12362931     0.042161716            0.7581084   0.00054820204       0.74727009   2.1468446e-09       139.17364       7.4011422       417.46394      -18.894789       -18.894789       424.86509                  19.80913                 397.65481              0.078070041              2.5749739                         4.7480982
              1       193.93327       3.0398635        0.932629       72.946273     0.023867116       0.1167963     0.041849836           0.67595802   0.00075335752       0.61954755    2.090239e-09       141.53731       9.3609843       416.36337      -18.928902       -18.928902       425.72435                 19.670827                 396.69254               0.26714667              3.3931515                         5.7006862
              3        195.4543       3.0394969      0.94578992       72.105701     0.023842566      0.11529811     0.031878655           0.67435011   0.00067333322       0.70615788   2.0894729e-09       141.93423       8.1855407       419.78193      -18.529434       -18.529434       427.96747                 19.277792                 400.50414               0.10514883              2.7054164                         5.3749755
              1       195.51705       3.0428283      0.94607967       72.374516     0.023925394       0.1143951     0.031628317           0.71574091   0.00065810973       0.76320308   2.0964453e-09       142.10403       8.7265292       419.76403      -18.728234       -18.728234       428.49056                 18.614236                  401.1498               0.18284018              3.0647738                         5.4789153
              1         196.258       3.0377387      0.94869243       72.247837     0.024161442      0.11408956     0.027454903           0.70358399   0.00063862931       0.82970441   2.0858023e-09       141.92406       8.4795274       421.32221      -18.642873       -18.642873       429.80174                 18.521591                 402.80062               0.13011544              2.8258017                         5.5236102
              1        196.0528       3.0410642      0.95054402       72.210538     0.024305044      0.11545946     0.028370675           0.68497737   0.00067819489       0.88147258   2.0927503e-09        141.4193       8.2062593       421.12916      -18.614912       -18.614912       429.33542                 18.819058                  402.3101              0.076042994              2.5348626                         5.5953537
              1       196.12556       3.0406505      0.95045518       72.383197     0.024296436      0.11657029     0.026822653           0.71545186   0.00064461816       0.85535165   2.0918847e-09       141.17514        8.072988       421.64522      -18.733541       -18.733541       429.71821                 18.478436                 403.16679              0.085694763              2.5977881                         5.3895052
              1       196.47654        3.040605      0.94885635       71.990383     0.024317535      0.11666397     0.027014584           0.72416906   0.00063967908       0.86816791   2.0917895e-09       141.13661       8.1816855       421.61873      -18.423673       -18.423673       429.80042                 18.507873                 403.11086              0.029259494              2.1879978                         5.9644282
              1          196.59       3.0363937      0.95168615       72.020953     0.023169647      0.11800773     0.024332954           0.73538479   0.00069200075         1.293503   2.0829987e-09       142.01331        7.762118       422.32369      -18.452907       -18.452907       430.08581                 18.585788                  403.7379               0.10320655              2.7110622                         4.9478493
              1       197.66551       3.0403823      0.94385379       72.464203     0.023162648      0.11806453     0.019909775           0.67732208   0.00062361146        1.3228655   2.0913237e-09       141.96281       8.5739005       424.31652      -18.779698       -18.779698       432.89042                 19.450072                 404.86645               0.19811028              3.1468829                         5.2289073
              8       197.39262       3.0338986      0.94013496       73.337709     0.023324295      0.11868759     0.028636336           0.66837792   0.00046323105        1.4220777   2.0778079e-09       141.63116       11.270971       421.29826      -18.891991       -18.891991       432.56923                  19.84512                 401.45314               0.42817705              3.8996194                          6.943175
              3       197.61309       3.0320193      0.94094051       73.431544     0.023381653      0.11884817     0.027906553           0.67830424   0.00046477651        1.4221745   2.0739068e-09       141.53936       11.510849       421.43951      -18.862093       -18.862093       432.95036                 19.567425                 401.87209               0.44651893              3.9497965                         7.1145334
              3       194.87493       3.0165659       0.9471289       72.688381     0.023278265      0.12363064     0.035810584           0.66257873   0.00048740127        1.3439222   2.0421043e-09       140.47109       7.2692899       420.23219      -18.875809       -18.875809       427.50148                 21.613437                 398.61875              0.088205366              2.6456659                         4.5354187
              1       195.03314       3.0193851      0.95842533       72.887975     0.023057962      0.12263614     0.035415474           0.73396351   0.00062558989        1.1789357   2.0478695e-09       140.99517       8.3441331        419.5667      -18.922279       -18.922279       427.91083                 19.953419                 399.61328               0.18918699              3.1293642                         5.0255819
              2       193.96669       3.0423429      0.95754936       71.863414     0.022906359       0.1261908     0.044046473           0.68937957   0.00053825242        1.0637545   2.0954279e-09       140.26859       6.7869055       417.73249      -18.293006       -18.293006        424.5194                 21.626564                 396.10593             0.0010552792              1.7882195                         4.9976307
              1       193.89792       3.0394595      0.95553932       73.469543     0.023037604      0.12428044     0.054004975            0.7600525   0.00022444646       0.89124939   2.0893948e-09       140.64311       9.9353778       415.55581       -18.84767        -18.84767       425.49118                 19.611825                 395.94398               0.30963976              3.5707107                         6.0550273
              1       193.87885       3.0395239      0.95550643       73.466605     0.023049117      0.12427157     0.054289762           0.76310499   0.00022980729       0.89785011   2.0895293e-09       140.63595       9.9031995       415.55217      -18.848832       -18.848832       425.45537                 19.586212                 395.96595               0.30739422              3.5633792                         6.0324261
              2       193.69248       3.0360381      0.95764323        73.40709     0.023162529      0.12499009     0.055236837           0.76078168   0.00019784098       0.92089912   2.0822582e-09       140.34439       9.0330813       416.09321      -18.870669       -18.870669       425.12629                 20.074823                 396.01839               0.24318635              3.3454774                         5.4444176
              1       194.30741       3.0349624      0.95725323       73.483709     0.023092237      0.12510371     0.057011095           0.74075675   0.00021686793       0.88615196   2.0800195e-09       140.37374       9.4187058       416.88001      -18.841951       -18.841951       426.29872                 20.750159                 396.12985               0.27104783              3.4447271                          5.702931
              1       195.14291       3.0370778      0.95130785       73.972943     0.023093729      0.12720075     0.060267963           0.77240317   0.00030307447        1.0140095   2.0844243e-09       139.90218       10.741345       416.60569      -18.530604       -18.530604       427.34704                 19.652151                 396.95354               0.35549982               3.724412                         6.6614332
              2       194.86467       3.0300246      0.94232775       71.404968     0.022859223      0.12836565     0.058408664           0.83967828   0.00032553939       0.93171405   2.0697743e-09       139.93881       7.6188057       417.50481      -17.697142       -17.697142       425.12361                 20.663835                 396.84097              0.020848004              1.2812272                         6.3167305
              1       192.42101       3.0275513      0.93502649       72.002188     0.022985818      0.12968614     0.050994176           0.77028189    0.0002779144       0.89401852   2.0646613e-09       139.42848       6.6641042       415.04804      -18.435065       -18.435065       421.71214                 19.173101                 395.87494             0.0020332234              1.5651878                         5.0968831
              5       192.82673       3.0295815      0.93562121       71.821732     0.023033428      0.13014417      0.05120846           0.76209419   0.00027713263        0.8756643   2.0688572e-09       139.26629       7.2031989       414.94399      -18.246861       -18.246861       422.14719                 19.088782                 395.85521              0.014699271              1.3478622                         5.8406375
              1       193.54405       3.0141152      0.93757109       72.476274     0.022981967      0.12527222     0.052982595           0.85446918   0.00015674035        1.0439517   2.0371058e-09       140.56246       6.8708729       417.78933      -18.786057       -18.786057       424.66021                 21.524064                 396.26527              0.065329336              2.5140107                         4.2915329
             11       193.56549        3.014229      0.93651834        72.57145     0.023053165      0.12549035     0.053693043           0.85583013   0.00012448428         1.047237   2.0373376e-09       140.43789       6.9114234       417.88251      -18.831475       -18.831475       424.79393                  21.60982                 396.27269              0.070110196              2.5456445                         4.2956687
              2       195.78976       3.0175539      0.94175829       73.278018     0.023414511      0.12444563     0.049553461           0.90763512   0.00013122109        1.1252564   2.0441229e-09       140.37677       8.6012656       420.79181      -18.906774       -18.906774       429.39307                 24.015111                 396.77669               0.21086201              3.2222567                         5.1681469
              1       195.94064       3.0263032      0.94715001       73.170953     0.023285186      0.12586209     0.058298165           0.94226176   0.00012104211        1.2275319    2.062086e-09       140.21636        8.014465       421.71689      -18.925036       -18.925036       429.73135                 25.090505                 396.62638                 0.166072              3.0450388                         4.8033542
