#        weight    minuslogpost            logA             n_s              H0         omega_b       omega_cdm        tau_reio ridder_Lambda_EDE_eV      ridder_a_c ridder_sigma_lna        A_planck      calib_100T      calib_217T       A_cib_217       xi_sz_cib            A_sz        ksz_norm    gal545_A_100    gal545_A_143 gal545_A_143_217    gal545_A_217    ps_A_100_100    ps_A_143_143    ps_A_143_217    ps_A_217_217             A_s         rs_drag       chi2__BAO       chi2__CMB   minuslogprior minuslogprior__0 minuslogprior__SZ            chi2 chi2__planck_2018_lowl.TT chi2__planck_2018_lowl.EE chi2__planck_2018_highl_plik.TT chi2__bao.sixdf_2011_bao chi2__bao.sdss_dr7_mgs chi2__bao.sdss_dr12_consensus_bao
              1       868.18318       3.0455887      0.96245323       71.499912     0.022296163      0.12065673     0.053724497           0.49415089   0.00031070534       0.57373426       0.9980338       1.0005384      0.99706456       94.111392     0.024201955         8.37079     0.099704022         9.81318       5.5331651        17.723173       44.559468       236.73516        54.03172       51.373213       103.59954   2.1022403e-09       145.30483       13.659047       1690.6747       16.016284        13.112966         2.9033172       1704.3338                 19.535001                 395.84841                       1275.2913               0.48727112              4.1196814                         9.0520941
              1       861.06172       3.0455887      0.96245323       71.499912     0.022296163      0.12065673     0.053724497           0.49415089   0.00031070534       0.57373426       0.9980338       1.0008531      0.99820555       91.445842     0.097193568       8.0002732       1.0205096       10.664489       3.2562797         16.60474       43.870872       254.37928       55.810854       50.102584       107.62752   2.1022403e-09       145.30483       13.659047       1669.6111       19.426664        16.371859         3.0548053       1683.2701                 19.535001                 395.84841                       1254.2276               0.48727112              4.1196814                         9.0520941
              1       833.99972       3.0455887      0.96245323       71.499912     0.022296163      0.12065673     0.053724497           0.49415089   0.00031070534       0.57373426       0.9980338        1.002126      0.99817131       89.359589      0.27293131       7.4630747      0.21108792       12.627744       2.4526919        15.585713       43.088538       282.57944        56.57524       50.138141       105.74641   2.1022403e-09       145.30483       13.659047        1603.602        25.36919        22.960908          2.408281       1617.2611                 19.535001                 395.84841                       1188.2186               0.48727112              4.1196814                         9.0520941
              1       813.98602       3.0455887      0.96245323       71.499912     0.022296163      0.12065673     0.053724497           0.49415089   0.00031070534       0.57373426       0.9980338       1.0018429      0.99842907       88.670705      0.26509161       7.2490463    0.0034231603       12.509606       1.9812686        13.878626       42.838347       272.30517       57.725814       51.589012       105.28003   2.1022403e-09       145.30483       13.659047       1563.4052        25.45391        23.190917         2.2629937       1577.0642                 19.535001                 395.84841                       1148.0218               0.48727112              4.1196814                         9.0520941
              1       790.39969       3.0455887      0.96245323       71.499912     0.022296163      0.12065673     0.053724497           0.49415089   0.00031070534       0.57373426      0.99808794       1.0015929      0.99819335       88.597423       0.3738444       7.3598307       0.2761275       12.521455       2.2435772        13.563134       43.482112       266.26082       55.960866       52.256683       105.79806   2.1022403e-09       145.30483       13.659047       1519.0349       24.052726        21.673399         2.3793271       1532.6939                 19.534381                 395.84841                       1103.6521               0.48727112              4.1196814                         9.0520941
              1       770.67142       3.0455887      0.96245323       71.499912     0.022296163      0.12065673     0.053724497           0.49415089   0.00031070534       0.57373426      0.99928576       1.0017221      0.99827659       88.114879      0.36163947       7.7882956      0.60895469        12.88676       2.3217641        12.742184       44.468268       269.22682       56.414907       52.239362       105.17698   2.1022403e-09       145.30483       13.659047       1478.1241       24.779857        22.054165         2.7256911       1491.7831                 19.522989                 395.85862                       1062.7425               0.48727112              4.1196814                         9.0520941
              1       750.24335       3.0455887      0.96245323       71.499912     0.022296163      0.12065673     0.053724497           0.49415089   0.00031070534       0.57373426      0.99928576       1.0021079       0.9983316       88.127919      0.36345312        8.469972       2.6834824       12.152434      0.04072042        9.7950497       47.301974       281.03809       61.680419       59.557803       104.68619   2.1022403e-09       145.30483       13.659047       1421.2276       32.800003        28.262112         4.5378908       1434.8867                 19.522989                 395.85862                        1005.846               0.48727112              4.1196814                         9.0520941
              1       742.96223       3.0455887      0.96245323       71.499912     0.022296163      0.12065673     0.053724497           0.49415089   0.00031070534       0.57373426      0.99928576       1.0025395      0.99826908       88.557633      0.24063484       8.3894114       1.4629442       10.781154      0.89094761        9.3988511       48.779982       280.76164       63.887718       59.765059       107.76933   2.1022403e-09       145.30483       13.659047       1411.2617       30.501861        26.872698         3.6291632       1424.9207                 19.522989                 395.85862                       995.88008               0.48727112              4.1196814                         9.0520941
              1       723.30869       3.0455887      0.96245323       71.499912     0.022296163      0.12065673     0.053724497           0.49415089   0.00031070534       0.57373426       1.0002285       1.0021897      0.99864492       87.755411      0.21426451       8.8098983      0.78691908       8.5077208      0.24692579        7.7422098       54.000227       249.84539       65.718837       61.644632       105.78164   2.1022403e-09       145.30483       13.659047       1372.7279       30.115211         26.48799         3.6272212        1386.387                 19.517499                 395.84531                        957.3651               0.48727112              4.1196814                         9.0520941
              1       702.05398       3.0455887      0.96245323       71.499912     0.022296163      0.12065673     0.053724497           0.49415089   0.00031070534       0.57373426       1.0002285       1.0017397      0.99823543       84.798086      0.16369535       8.6627829       1.7640206       10.788502      0.74151553        8.7046362       54.976537       229.97679        72.70252       57.777873       98.718532   2.1022403e-09       145.30483       13.659047       1335.1612       27.643855        23.542461         4.1013937       1348.8203                 19.517499                 395.84531                        919.7984               0.48727112              4.1196814                         9.0520941
              1       700.10271       3.0455887      0.96245323       71.499912     0.022296163      0.12065673     0.053724497           0.49415089   0.00031070534       0.57373426       1.0002285       1.0015866      0.99845072       85.028312      0.20143416        8.626087       1.4413859       11.204141        1.108361        8.6916136       55.170583        228.7483       73.508978       56.698253        98.66507   2.1022403e-09       145.30483       13.659047        1333.684       26.431198        22.581232         3.8499667        1347.343                 19.517499                 395.84531                       918.32117               0.48727112              4.1196814                         9.0520941
              1        699.3542       3.0455887      0.96245323       71.499912     0.022296163      0.12065673     0.053724497           0.49415089   0.00031070534       0.57373426       1.0002285       1.0014201      0.99841574       84.290979      0.20429975       8.8346051        1.968369       11.984076      0.36552352        7.6384804       53.766266       241.42139       71.135371       54.893872       96.743096   2.1022403e-09       145.30483       13.659047       1326.4147       29.317313         24.87702         4.4402923       1340.0738                 19.517499                 395.84531                       911.05192               0.48727112              4.1196814                         9.0520941
              1       697.52623       3.0455887      0.96245323       71.499912     0.022296163      0.12065673     0.053724497           0.49415089   0.00031070534       0.57373426       1.0002285       1.0015924      0.99866102        84.29153      0.20956945       9.1076897       2.2709227       12.606368       1.0782605        7.9210597       54.689619       233.38966       69.752353       55.762421       95.769324   2.1022403e-09       145.30483       13.659047       1322.7947       29.299378        24.286107         5.0132715       1336.4537                 19.517499                 395.84531                       907.43185               0.48727112              4.1196814                         9.0520941
              1       698.70108       3.0455887      0.96245323       71.499912     0.022296163      0.12065673     0.053724497           0.49415089   0.00031070534       0.57373426       1.0002285       1.0016004      0.99873318        83.87996      0.22571016       9.1110032       2.3775016       12.681008       1.1993371        7.7668003       53.183283       235.90381       70.461178       56.256897       94.573508   2.1022403e-09       145.30483       13.659047       1324.7624       29.490338        24.385086         5.1052517       1338.4215                 19.517499                 395.84531                       909.39962               0.48727112              4.1196814                         9.0520941
              1       695.96993       3.0455887      0.96245323       71.499912     0.022296163      0.12065673     0.053724497           0.49415089   0.00031070534       0.57373426       1.0002285       1.0008653       0.9977022       82.517028     0.085941818       7.9375527      0.65618941       13.189604      0.81683005        6.2806984       53.642408       269.66123       68.218734        57.49665       98.675018   2.1022403e-09       145.30483       13.659047       1324.2144       27.033217        24.189508          2.843709       1337.8734                 19.517499                 395.84531                       908.85157               0.48727112              4.1196814                         9.0520941
              1       691.76967       3.0455887      0.96245323       71.499912     0.022296163      0.12065673     0.053724497           0.49415089   0.00031070534       0.57373426       1.0002285       1.0009262      0.99767917       83.507628     0.097461692       7.8890134      0.17356607       12.827977        1.352083        6.2695951        53.77672       276.89353       68.832306       57.583993       97.109074   2.1022403e-09       145.30483       13.659047       1319.4111       25.234584        22.613504         2.6210805       1333.0702                 19.517499                 395.84531                       904.04832               0.48727112              4.1196814                         9.0520941
              1       689.72282       3.0455887      0.96245323       71.499912     0.022296163      0.12065673     0.053724497           0.49415089   0.00031070534       0.57373426       1.0002285       1.0010122      0.99781965       83.740674     0.096432158       7.6242201      0.46560906       12.951094        1.620702        6.0646025       53.374747       276.38183       69.977825       56.964206       97.909004   2.1022403e-09       145.30483       13.659047       1316.1264       24.830092        22.256254         2.5738387       1329.7855                 19.517499                 395.84531                        900.7636               0.48727112              4.1196814                         9.0520941
              1       687.76666       3.0506271       0.9603928        71.15584     0.022198947      0.12064232     0.054381989           0.51464723   0.00031143796        0.5550131       1.0002285       1.0015491      0.99770227       82.732778      0.19822451       7.8554989       0.8420816       12.344215       1.3505385        6.3613899       55.771672       270.63418       67.114021       59.566246       96.866626   2.1128591e-09       145.42513        11.73031       1310.5242        26.63938        23.772108          2.867272       1322.2546                 19.564465                 395.89272                       895.06706               0.37458312              3.8112636                         7.5444637
              1       688.67871       3.0506271       0.9603928        71.15584     0.022198947      0.12064232     0.054381989           0.51464723   0.00031143796        0.5550131       1.0002285       1.0015631      0.99690589       80.251706      0.20679422       7.4773161      0.83552228       13.160871       1.5063455        7.7995957       57.960013        280.7889       70.839452       57.081777       96.519348   2.1128591e-09       145.42513        11.73031       1310.0049       27.811096        25.188828         2.6222678       1321.7352                 19.564465                 395.89272                       894.54773               0.37458312              3.8112636                         7.5444637
              1       686.80019       3.0506271       0.9603928        71.15584     0.022198947      0.12064232     0.054381989           0.51464723   0.00031143796        0.5550131       1.0002285       1.0013836      0.99700718       81.881546      0.15767584       6.9025682      0.29023748       12.248612       1.8729093         9.961982       60.062253       262.91371       72.961225       53.240077       95.479364   2.1128591e-09       145.42513        11.73031       1313.2667       24.301661        22.097175         2.2044857       1324.9971                 19.564465                 395.89272                       897.80955               0.37458312              3.8112636                         7.5444637
              1       686.44386       3.0506271       0.9603928        71.15584     0.022198947      0.12064232     0.054381989           0.51464723   0.00031143796        0.5550131       1.0004826       1.0013836      0.99700718       81.881546      0.15767584       6.9025682      0.29023748       12.248612       1.8729093         9.961982       60.062253       262.91371       72.961225       53.240077       95.479364   2.1128591e-09       145.42513        11.73031       1312.5252       24.316114        22.111628         2.2044857       1324.2555                 19.558354                 395.89272                       897.07411               0.37458312              3.8112636                         7.5444637
              1       686.12476       3.0506271       0.9603928        71.15584     0.022198947      0.12064232     0.054381989           0.51464723   0.00031143796        0.5550131       1.0004826       1.0008523      0.99741077       82.226189       0.2388414       7.3091566      0.33858321       13.187006       2.1775267         10.10397       58.196063       266.27068       75.736121       52.427456       92.148259   2.1128591e-09       145.42513        11.73031       1314.2663       23.126473        20.752407          2.374066       1325.9966                 19.558354                 395.89272                       898.81519               0.37458312              3.8112636                         7.5444637
              1       683.66886       3.0506271       0.9603928        71.15584     0.022198947      0.12064232     0.054381989           0.51464723   0.00031143796        0.5550131       1.0004826       1.0009881      0.99775344       82.030305      0.24870812       7.3322721      0.76441505       12.728743       2.2977304        9.5353968       57.446749       268.72424       73.360196       52.955769        91.70361   2.1128591e-09       145.42513        11.73031       1310.5881        22.50967        19.993435         2.5162352       1322.3184                 19.558354                 395.89272                       895.13698               0.37458312              3.8112636                         7.5444637
              1       682.95752       3.0506271       0.9603928        71.15584     0.022198947      0.12064232     0.054381989           0.51464723   0.00031143796        0.5550131       1.0004826       1.0009942      0.99788744       82.442073      0.22554938        7.353016       1.1010186       12.895114       2.2884247        9.3394829       58.367082       272.36877       73.285107        53.00819       91.267046   2.1128591e-09       145.42513        11.73031       1308.7212       22.731751        20.084816         2.6469346       1320.4515                 19.558354                 395.89272                       893.27014               0.37458312              3.8112636                         7.5444637
              1       674.83025       3.0506271       0.9603928        71.15584     0.022198947      0.12064232     0.054381989           0.51464723   0.00031143796        0.5550131       1.0004826       1.0006526      0.99810283       82.024619      0.26725892       7.0091077      0.88304393       12.612852       4.0505801        8.1017899       58.881112       264.99301       60.443761       55.637576       91.400271   2.1128591e-09       145.42513        11.73031        1300.613       18.658617        16.266199         2.3924181       1312.3433                 19.558354                 395.89272                       885.16187               0.37458312              3.8112636                         7.5444637
              2       667.76692       3.0506271       0.9603928        71.15584     0.022198947      0.12064232     0.054381989           0.51464723   0.00031143796        0.5550131       1.0004826       1.0000299      0.99813113       81.452648      0.43131266       6.9716202       1.8261184       11.128135       6.1873209        10.000718        59.75481       250.20845       61.970492       57.348234       93.832886   2.1128591e-09       145.42513        11.73031       1295.4255       14.189024        11.498399         2.6906256       1307.1558                 19.558354                 395.89272                        879.9744               0.37458312              3.8112636                         7.5444637
              1       667.32374       3.0506271       0.9603928        71.15584     0.022198947      0.12064232     0.054381989           0.51464723   0.00031143796        0.5550131       1.0004826      0.99944362      0.99831202        79.72115      0.47865587       7.3041341       2.3022301       12.123688       6.7997195        10.522449       60.000116       231.02538       60.963051        57.75443        92.87277   2.1128591e-09       145.42513        11.73031       1292.3726       15.272286        12.135306         3.1369801       1304.1029                 19.558354                 395.89272                       876.92151               0.37458312              3.8112636                         7.5444637
              1       669.29706       3.0506271       0.9603928        71.15584     0.022198947      0.12064232     0.054381989           0.51464723   0.00031143796        0.5550131       1.0004826      0.99959709      0.99820938       79.031641      0.51571138       7.6851646        1.295109       11.267742       6.2474786        10.142606       59.785411       217.15863       62.202882       57.889961        94.11761   2.1128591e-09       145.42513        11.73031       1297.2527       14.805529        11.858016         2.9475135       1308.9831                 19.558354                 395.89272                       881.80167               0.37458312              3.8112636                         7.5444637
              1        672.4136       3.0506271       0.9603928        71.15584     0.022198947      0.12064232     0.054381989           0.51464723   0.00031143796        0.5550131       1.0004826       1.0002571      0.99794817       80.596951       0.5094213       6.8524775       2.0363091       10.586387       5.9527386        10.080614       57.156471       212.20206       65.598462       56.211677       93.799006   2.1128591e-09       145.42513        11.73031       1304.4225       14.337221        11.639008         2.6982126       1316.1528                 19.558354                 395.89272                       888.97137               0.37458312              3.8112636                         7.5444637
              1       675.36763       3.0506271       0.9603928        71.15584     0.022198947      0.12064232     0.054381989           0.51464723   0.00031143796        0.5550131      0.99893085       1.0002025       0.9978596       80.767611      0.51497692       6.8360166       2.0250699       10.758042       5.8150394         9.758812       57.051157       213.63062       65.332682       56.253666       94.184045   2.1128591e-09       145.42513        11.73031       1309.5175       14.743737         12.06006         2.6836767       1321.2478                 19.598908                   395.886                       894.03256               0.37458312              3.8112636                         7.5444637
              1       676.53131       3.0506271       0.9603928        71.15584     0.022198947      0.12064232     0.054381989           0.51464723   0.00031143796        0.5550131      0.99893085       1.0000787      0.99772267       81.127838      0.50641595       6.1887343       1.7952786       10.234883       5.6491098        11.002416       56.661735       211.07405       67.821893       56.214522        94.05613   2.1128591e-09       145.42513        11.73031       1312.9184       14.206939         11.92117         2.2857688       1324.6487                 19.598908                   395.886                       897.43352               0.37458312              3.8112636                         7.5444637
              1       677.28077       3.0506271       0.9603928        71.15584     0.022198947      0.12064232     0.054381989           0.51464723   0.00031143796        0.5550131      0.99893085      0.99992174       0.9971758       80.266871      0.51402582       6.5220152       1.6256487       10.007742       6.9074437        11.095034       56.058324       200.84986       68.916633       56.471452       94.340749   2.1128591e-09       145.42513        11.73031       1315.3585       13.736369        11.354481         2.3818881       1327.0888                 19.598908                   395.886                       899.87358               0.37458312              3.8112636                         7.5444637
              1       676.90037       3.0506271       0.9603928        71.15584     0.022198947      0.12064232     0.054381989           0.51464723   0.00031143796        0.5550131      0.99903959      0.99992174       0.9971758       80.266871      0.51402582       6.5220152       1.6256487       10.007742       6.9074437        11.095034       56.058324       200.84986       68.916633       56.471452       94.340749   2.1128591e-09       145.42513        11.73031        1314.633       13.718714        11.336826         2.3818881       1326.3633                  19.59583                 395.89788                       899.13929               0.37458312              3.8112636                         7.5444637
              1       671.73029       3.0506271       0.9603928        71.15584     0.022198947      0.12064232     0.054381989           0.51464723   0.00031143796        0.5550131      0.99903959       1.0000657      0.99734813       80.018874      0.52826702       6.2923074       1.7073162       10.734478        7.294599        11.094438       57.929834       220.73498        66.52445       55.041307       92.782095   2.1128591e-09       145.42513        11.73031       1305.5707       13.079782        10.774694         2.3050876        1317.301                  19.59583                 395.89788                         890.077               0.37458312              3.8112636                         7.5444637
              1       671.64148       3.0506271       0.9603928        71.15584     0.022198947      0.12064232     0.054381989           0.51464723   0.00031143796        0.5550131      0.99903959       1.0001473      0.99736594       79.672272       0.5102664       6.6742789       1.5292927       10.350028       6.8643741        11.236838       57.838341       224.52412       65.889317       54.925715       92.678113   2.1128591e-09       145.42513        11.73031       1304.8919       13.330365        10.905369         2.4249962       1316.6222                  19.59583                 395.89788                        889.3982               0.37458312              3.8112636                         7.5444637
              1        671.6305       3.0506271       0.9603928        71.15584     0.022198947      0.12064232     0.054381989           0.51464723   0.00031143796        0.5550131      0.99903959      0.99980424      0.99684766       79.297972      0.43602343        6.217029       1.8313491       10.147613       6.4741081        10.036768       57.156848       233.62657       64.378158       54.837374       92.785673   2.1128591e-09       145.42513        11.73031       1301.3353       15.097712        12.791717         2.3059951       1313.0656                  19.59583                 395.89788                       885.84155               0.37458312              3.8112636                         7.5444637
              1       671.58419       3.0506271       0.9603928        71.15584     0.022198947      0.12064232     0.054381989           0.51464723   0.00031143796        0.5550131      0.99903959      0.99982732      0.99682907        79.28932      0.42915777       6.1747535       1.8316332       10.104683       6.4278416        9.8673229       57.148786       232.26476       64.280713       54.814741       92.822608   2.1128591e-09       145.42513        11.73031       1301.0776       15.180218        12.891024          2.289194        1312.808                  19.59583                 395.89788                       885.58393               0.37458312              3.8112636                         7.5444637
              1       669.78651       3.0506271       0.9603928        71.15584     0.022198947      0.12064232     0.054381989           0.51464723   0.00031143796        0.5550131      0.99903959       1.0001291      0.99699409       79.011557      0.43469727       6.3174187       1.6117321       10.173608       6.8850326        9.2477591       57.519141       233.39508       64.954128       54.702499       92.767516   2.1128591e-09       145.42513        11.73031       1299.3139       14.264384        11.973132         2.2912527       1311.0442                  19.59583                 395.89788                       883.82022               0.37458312              3.8112636                         7.5444637
              1       669.85651       3.0506271       0.9603928        71.15584     0.022198947      0.12064232     0.054381989           0.51464723   0.00031143796        0.5550131      0.99903959       1.0001437      0.99698184       79.046132      0.43270266       6.2775324       1.6202677       10.195878       6.9109113        9.2615399       57.559634       232.98115        64.83815       54.593621       92.863649   2.1128591e-09       145.42513        11.73031       1299.4657       14.258495        11.980707         2.2777885        1311.196                  19.59583                 395.89788                       883.97201               0.37458312              3.8112636                         7.5444637
              1       670.19171       3.0506271       0.9603928        71.15584     0.022198947      0.12064232     0.054381989           0.51464723   0.00031143796        0.5550131      0.99903959       1.0002744      0.99708049       77.894455      0.45807867       6.3943531       2.2606093       10.186498       8.1448497        10.625386        59.08995       219.17619       64.255705       55.059253       93.645864   2.1128591e-09       145.42513        11.73031       1302.8047       12.924185        10.409439         2.5147462        1314.535                  19.59583                 395.89788                       887.31102               0.37458312              3.8112636                         7.5444637
              1       668.98898       3.0506271       0.9603928        71.15584     0.022198947      0.12064232     0.054381989           0.51464723   0.00031143796        0.5550131      0.99917285       1.0001475       0.9974442       78.108768      0.48347689       6.4038484        2.464765       10.348085        8.578791        11.211356        58.37429       222.75526       62.198691       54.971146       95.265981   2.1128591e-09       145.42513        11.73031       1302.0843       12.081664        9.4913337         2.5903299       1313.8146                 19.592105                 395.92395                       886.56827               0.37458312              3.8112636                         7.5444637
              1       669.60949       3.0506271       0.9603928        71.15584     0.022198947      0.12064232     0.054381989           0.51464723   0.00031143796        0.5550131      0.99917285       1.0000972      0.99749489       78.101986      0.46887828       6.3431882       2.4092829       10.394106       8.6510009        11.403634       58.274632       222.04218       62.640446       54.843918       95.080913   2.1128591e-09       145.42513        11.73031        1303.634       11.927334        9.3901323         2.5372015       1315.3643                 19.592105                 395.92395                       888.11794               0.37458312              3.8112636                         7.5444637
              1       667.62606       3.0506271       0.9603928        71.15584     0.022198947      0.12064232     0.054381989           0.51464723   0.00031143796        0.5550131      0.99917285      0.99966293      0.99871386       78.630822      0.58998588        6.188078       2.8860532        8.999666       8.3066564        11.403482       61.175181       218.76255       60.717368       59.681763       93.168647   2.1128591e-09       145.42513        11.73031       1299.4913       12.015263        9.3974777         2.6177855       1311.2216                 19.592105                 395.92395                       883.97523               0.37458312              3.8112636                         7.5444637
              1       665.16276       3.0506271       0.9603928        71.15584     0.022198947      0.12064232     0.054381989           0.51464723   0.00031143796        0.5550131       1.0003687      0.99896881      0.99905936       77.323254      0.60457316       5.9471308       3.4587903       10.104713       9.2929979        9.7557304       61.782225       212.35109       54.662016       57.158588       92.640086   2.1128591e-09       145.42513        11.73031       1290.5033       14.045947        11.357838         2.6881099       1302.2336                 19.561066                 395.89272                       875.04953               0.37458312              3.8112636                         7.5444637
              2       665.12726       3.0506271       0.9603928        71.15584     0.022198947      0.12064232     0.054381989           0.51464723   0.00031143796        0.5550131       1.0003687      0.99895298      0.99904167       77.263664      0.60859837       5.9392257       3.3825132        10.05013       9.3147829        9.8045544       61.908695       213.05141       54.666151       57.018967       92.548507   2.1128591e-09       145.42513        11.73031       1290.5958       13.964212         11.30999         2.6542221       1302.3261                 19.561066                 395.89272                         875.142               0.37458312              3.8112636                         7.5444637
              1       668.10794       3.0506271       0.9603928        71.15584     0.022198947      0.12064232     0.054381989           0.51464723   0.00031143796        0.5550131      0.99913965      0.99886437      0.99899191       78.058553      0.59785843       6.1274381       2.7137315       10.121195       8.7032005         8.835107       60.494487       216.08621       58.462365       56.419843       91.848238   2.1128591e-09       145.42513        11.73031       1295.3458       14.569883        12.046438         2.5234456       1307.0761                 19.593029                 395.90908                       879.84369               0.37458312              3.8112636                         7.5444637
              1       667.35166       3.0506271       0.9603928        71.15584     0.022198947      0.12064232     0.054381989           0.51464723   0.00031143796        0.5550131      0.99913965      0.99891032      0.99900669        77.95825      0.59106999       6.3962711       2.2598132       10.323159       8.6106339        9.1546503       60.641131       213.82281       58.849708       57.488756        91.20699   2.1128591e-09       145.42513        11.73031       1293.9264       14.523284        12.007783         2.5155019       1305.6567                 19.593029                 395.90908                       878.42432               0.37458312              3.8112636                         7.5444637
              2       667.40924       3.0506271       0.9603928        71.15584     0.022198947      0.12064232     0.054381989           0.51464723   0.00031143796        0.5550131      0.99913965      0.99897081      0.99901107       78.186056      0.58307885       6.4522165       2.3289754       10.265215       8.6653839        9.2490397       60.717017        212.0704       59.160919       57.425713       91.411724   2.1128591e-09       145.42513        11.73031       1294.3763       14.355955        11.786271         2.5696838       1306.1066                 19.593029                 395.90908                       878.87415               0.37458312              3.8112636                         7.5444637
              1       667.58648       3.0506271       0.9603928        71.15584     0.022198947      0.12064232     0.054381989           0.51464723   0.00031143796        0.5550131      0.99913965      0.99943416      0.99863705       78.275665      0.52472875       5.8470052      0.12532482       9.3456892       8.5762737        9.3316898       61.533693       244.83544        62.45592       57.849617       88.414797   2.1128591e-09       145.42513        11.73031       1299.7162       11.863222        9.8456503         2.0175719       1311.4465                 19.593029                 395.90908                       884.21409               0.37458312              3.8112636                         7.5444637
              1        670.0506       3.0506271       0.9603928        71.15584     0.022198947      0.12064232     0.054381989           0.51464723   0.00031143796        0.5550131      0.99913965      0.99965422      0.99842659       77.394582      0.45533362       5.1979623       0.1198897       8.6888875       8.4746853        8.8777576       59.988078       245.20346       63.172145       56.417567        89.86607   2.1128591e-09       145.42513        11.73031       1305.1981       11.586422        9.5060514         2.0803707       1316.9284                 19.593029                 395.90908                       889.69595               0.37458312              3.8112636                         7.5444637
              1       669.86804       3.0506271       0.9603928        71.15584     0.022198947      0.12064232     0.054381989           0.51464723   0.00031143796        0.5550131      0.99913965      0.99877127      0.99846339       78.650989      0.56427785       4.3514623       1.4565586       6.4353074       6.9483817        8.3072964       60.870651       257.58181       61.015166       55.592742       86.592769   2.1128591e-09       145.42513        11.73031       1297.7316       15.137086        13.054603         2.0824831       1309.4619                 19.593029                 395.90908                        882.2295               0.37458312              3.8112636                         7.5444637
              1       670.08807       3.0506271       0.9603928        71.15584     0.022198947      0.12064232     0.054381989           0.51464723   0.00031143796        0.5550131      0.99913965      0.99872421      0.99803852       78.212407      0.51331274        3.960519       1.9699873       6.9972151       6.9019049         8.520401       60.614324       254.76255       60.141571         54.4408       88.203813   2.1128591e-09       145.42513        11.73031       1298.7614       14.842201        12.745557         2.0966444       1310.4917                 19.593029                 395.90908                       883.25931               0.37458312              3.8112636                         7.5444637
              1       668.20154       3.0506271       0.9603928        71.15584     0.022198947      0.12064232     0.054381989           0.51464723   0.00031143796        0.5550131      0.99913965      0.99895967      0.99818504       78.290473      0.51693442       4.1102347       2.2213272       7.3267548       6.3055167        8.5926054        61.24733       240.14941       60.657169        54.37983       88.513752   2.1128591e-09       145.42513        11.73031       1295.5272       14.572766        12.527814          2.044952       1307.2575                 19.593029                 395.90908                       880.02512               0.37458312              3.8112636                         7.5444637
              1       666.92161       3.0506271       0.9603928        71.15584     0.022198947      0.12064232     0.054381989           0.51464723   0.00031143796        0.5550131      0.99913965      0.99913325      0.99815935       78.584916      0.54125843       4.3228108        2.163804       7.5901004        6.357166        8.9121549       61.305743       236.84351       61.442598       53.937682       87.596885   2.1128591e-09       145.42513        11.73031       1294.2347       13.939111        11.911774         2.0273368        1305.965                 19.593029                 395.90908                       878.73257               0.37458312              3.8112636                         7.5444637
              1        669.0355       3.0506271       0.9603928        71.15584     0.022198947      0.12064232     0.054381989           0.51464723   0.00031143796        0.5550131      0.99913965      0.99952581      0.99779327       77.870811      0.39777828       4.5197482       1.8944165        8.113057       7.2587049        9.3078089       64.974146       234.25392       65.731311       57.630163       89.210645   2.1128591e-09       145.42513        11.73031       1302.3237       12.008487        9.9831659         2.0253211        1314.054                 19.593029                 395.90908                        886.8216               0.37458312              3.8112636                         7.5444637
              1       668.82458       3.0506271       0.9603928        71.15584     0.022198947      0.12064232     0.054381989           0.51464723   0.00031143796        0.5550131       1.0004583      0.99952581      0.99779327       77.870811      0.39777828       4.5197482       1.8944165        8.113057       7.2587049        9.3078089       64.974146       234.25392       65.731311       57.630163       89.210645   2.1128591e-09       145.42513        11.73031       1301.9867       11.966072        9.9407507         2.0253211        1313.717                 19.558929                 395.89272                       886.53505               0.37458312              3.8112636                         7.5444637
              1       664.46907       3.0506271       0.9603928        71.15584     0.022198947      0.12064232     0.054381989           0.51464723   0.00031143796        0.5550131       1.0000108      0.99873746      0.99828198       78.388698       0.3855978        4.342061       2.6111694       8.2947822       7.0318317        10.220759       66.213216       234.89749       66.908617       55.862029       90.070342   2.1128591e-09       145.42513        11.73031       1290.0695       13.569162        11.551421         2.0177407       1301.7998                 19.569874                 395.90967                       874.58996               0.37458312              3.8112636                         7.5444637
              1       663.91968       3.0506271       0.9603928        71.15584     0.022198947      0.12064232     0.054381989           0.51464723   0.00031143796        0.5550131       1.0000108      0.99832625       0.9987325       78.534752      0.38744107       3.9017297        3.078992       7.6134886       6.0967985        8.7460918       64.404409       258.20119       66.505224       53.243495       89.430803   2.1128591e-09       145.42513        11.73031       1282.2732        16.91791        14.898594         2.0193158       1294.0035                 19.569874                 395.90967                       866.79368               0.37458312              3.8112636                         7.5444637
              1       662.36098       3.0506271       0.9603928        71.15584     0.022198947      0.12064232     0.054381989           0.51464723   0.00031143796        0.5550131       1.0000108       0.9985303      0.99865302        78.21293      0.41206779       4.0392276       2.7922559       7.6247258       6.3560086        8.8230116       63.739525       254.41707       65.340753       52.525877       90.913003   2.1128591e-09       145.42513        11.73031       1281.3813       15.805185          13.7843          2.020885       1293.1116                 19.569874                 395.90967                       865.90174               0.37458312              3.8112636                         7.5444637
              1        664.0677       3.0506271       0.9603928        71.15584     0.022198947      0.12064232     0.054381989           0.51464723   0.00031143796        0.5550131       1.0000108      0.99880648      0.99907932       78.169853      0.44109125        4.404123       2.6848481       7.8572814       6.2209416         7.504494       62.905866       255.91496       65.251653       53.956155       90.736684   2.1128591e-09       145.42513        11.73031       1284.0048       16.200166        14.179639         2.0205268       1295.7351                 19.569874                 395.90967                       868.52522               0.37458312              3.8112636                         7.5444637
              2       663.89045       3.0506271       0.9603928        71.15584     0.022198947      0.12064232     0.054381989           0.51464723   0.00031143796        0.5550131       1.0000108      0.99881763      0.99908704       78.181064      0.44096984       4.2901528        2.717163       7.9358386       6.0988399        7.4756942       62.972964       255.16976       65.432571       54.142347       90.891736   2.1128591e-09       145.42513        11.73031       1283.4344       16.308092        14.290173          2.017919       1295.1647                 19.569874                 395.90967                       867.95486               0.37458312              3.8112636                         7.5444637
              1       666.32889       3.0506271       0.9603928        71.15584     0.022198947      0.12064232     0.054381989           0.51464723   0.00031143796        0.5550131      0.99957099      0.99889547      0.99928543       78.634824      0.45454005       4.2679979       2.9401287       7.5995772       6.0013299        7.3125219       63.785972       263.46646        66.19516        54.75215       90.035548   2.1128591e-09       145.42513        11.73031       1287.3157       16.805857        14.784289         2.0215686       1299.0461                 19.581269                 395.91862                       871.81586               0.37458312              3.8112636                         7.5444637
              1       664.13514       3.0506271       0.9603928        71.15584     0.022198947      0.12064232     0.054381989           0.51464723   0.00031143796        0.5550131      0.99957099      0.99885412      0.99901237       77.780226      0.51539087       4.0204821       2.8177852       7.5005339       5.9891356        8.4564406       63.821933       259.76849       68.348447       53.659946       87.765491   2.1128591e-09       145.42513        11.73031       1284.5456        15.99718        13.976173         2.0210076       1296.2759                 19.581269                 395.91862                       869.04571               0.37458312              3.8112636                         7.5444637
              1       665.58784       3.0506271       0.9603928        71.15584     0.022198947      0.12064232     0.054381989           0.51464723   0.00031143796        0.5550131      0.99957099      0.99906918      0.99874179       76.268471      0.47650187       3.2323519       4.2404748       8.3184446       7.2506168        7.0418754       63.226583       238.93344       68.704584       54.612501       89.304861   2.1128591e-09       145.42513        11.73031        1291.695       13.875189         11.85721         2.0179787       1303.4253                 19.581269                 395.91862                        876.1951               0.37458312              3.8112636                         7.5444637
              1       665.40904       3.0506271       0.9603928        71.15584     0.022198947      0.12064232     0.054381989           0.51464723   0.00031143796        0.5550131       1.0000115      0.99856436      0.99828678       75.398568      0.54110041       3.1583278       3.9268268       7.6447563       8.4548015        8.1846381       61.400441       267.74436       66.981143       57.220583       93.318472   2.1128591e-09       145.42513        11.73031       1291.1658       13.960978        11.928414         2.0325643       1302.8961                 19.569854                 395.90967                        875.6863               0.37458312              3.8112636                         7.5444637
              1       663.88917       3.0506271       0.9603928        71.15584     0.022198947      0.12064232     0.054381989           0.51464723   0.00031143796        0.5550131       1.0000115      0.99874667      0.99825714       74.704164      0.52065257       3.1476283       3.6975203       7.2083284       8.0559137        8.0852939       61.697108       277.86209       66.495654       55.701474       93.651298   2.1128591e-09       145.42513        11.73031       1288.5503       13.748847        11.698675         2.0501717       1300.2806                 19.569854                 395.90967                       873.07081               0.37458312              3.8112636                         7.5444637
              1       660.39825       3.0506271       0.9603928        71.15584     0.022198947      0.12064232     0.054381989           0.51464723   0.00031143796        0.5550131       1.0000115      0.99897547      0.99826686       75.457858      0.50794404        3.061133       3.3745336       7.5564174       8.3292406        7.4239872       62.623316       284.09929       67.533407       55.340946       94.269689   2.1128591e-09       145.42513        11.73031       1283.0973       12.984427        10.883146         2.1012804       1294.8277                 19.569854                 395.90967                       867.61782               0.37458312              3.8112636                         7.5444637
              1       660.90132       3.0506271       0.9603928        71.15584     0.022198947      0.12064232     0.054381989           0.51464723   0.00031143796        0.5550131       1.0000115      0.99967183      0.99858764       75.283518      0.54752614       3.3319083       2.8464324       7.6123395       8.1021383        7.8490107       62.261511        273.7258       65.159067       53.916775       94.339026   2.1128591e-09       145.42513        11.73031       1285.8856       12.093362        9.9786425         2.1147199       1297.6159                 19.569854                 395.90967                       870.40607               0.37458312              3.8112636                         7.5444637
              2       661.76983       3.0506271       0.9603928        71.15584     0.022198947      0.12064232     0.054381989           0.51464723   0.00031143796        0.5550131      0.99953315      0.99942869      0.99863351        73.97434      0.52434903       2.9778604       3.1084334       8.1671912       7.8486883        7.6513944       62.713978       260.67098       67.894812       55.564444       94.836659   2.1128591e-09       145.42513        11.73031       1286.5663       12.621532         10.45692         2.1646117       1298.2966                  19.58228                 395.91862                        871.0654               0.37458312              3.8112636                         7.5444637
              1       661.65804       3.0506271       0.9603928        71.15584     0.022198947      0.12064232     0.054381989           0.51464723   0.00031143796        0.5550131      0.99953315       0.9991966      0.99874337       74.169945      0.50404989       3.4120187       2.9293268       8.0806132       8.1344787          8.29449       62.799694        261.4818       65.468059       54.877983       94.545339   2.1128591e-09       145.42513        11.73031        1285.968       12.808892        10.722713         2.0861789       1297.6983                  19.58228                 395.91862                       870.46709               0.37458312              3.8112636                         7.5444637
              1       661.94705       3.0506271       0.9603928        71.15584     0.022198947      0.12064232     0.054381989           0.51464723   0.00031143796        0.5550131      0.99953315      0.99933765      0.99926933       75.589977      0.55045477       4.0469902       1.3174746       8.8059058       7.3533625        9.2554085       63.463828       258.50181       67.916856       56.815348       100.01751   2.1128591e-09       145.42513        11.73031        1283.944       14.109901        11.930405          2.179496       1295.6743                  19.58228                 395.91862                       868.44309               0.37458312              3.8112636                         7.5444637
              1       663.46275       3.0506271       0.9603928        71.15584     0.022198947      0.12064232     0.054381989           0.51464723   0.00031143796        0.5550131      0.99953315      0.99961342      0.99903398       75.235616      0.58102833       4.2078642       1.1765737        8.043416       6.9439925        8.5893016       63.032717       243.62864       66.022099       57.928466       100.06595   2.1128591e-09       145.42513        11.73031        1287.957       13.619108        11.460959         2.1581499       1299.6873                  19.58228                 395.91862                       872.45608               0.37458312              3.8112636                         7.5444637
              1       666.39926       3.0506271       0.9603928        71.15584     0.022198947      0.12064232     0.054381989           0.51464723   0.00031143796        0.5550131      0.99953315      0.99937155      0.99867752       76.875706      0.52328842       3.6321948      0.58942153       7.9246327       5.9995655        7.8770089       61.535826       234.08609        67.54733       56.756491       99.113847   2.1128591e-09       145.42513        11.73031       1291.1966       14.935829        12.384711         2.5511183       1302.9269                  19.58228                 395.91862                       875.69566               0.37458312              3.8112636                         7.5444637
              1       666.68471       3.0506271       0.9603928        71.15584     0.022198947      0.12064232     0.054381989           0.51464723   0.00031143796        0.5550131      0.99953315      0.99959709       0.9985074       76.907695      0.49628167        3.383452      0.90558533       7.7514865       6.5634491        7.6616451       59.347143       231.80102       70.063798       57.235185       99.117538   2.1128591e-09       145.42513        11.73031       1293.5196       14.059764        11.480098         2.5796659       1305.2499                  19.58228                 395.91862                       878.01868               0.37458312              3.8112636                         7.5444637
              1       664.06723       3.0506271       0.9603928        71.15584     0.022198947      0.12064232     0.054381989           0.51464723   0.00031143796        0.5550131      0.99953315      0.99975867      0.99814515       73.778478      0.49225536       2.7005884      0.89573317       7.7256117        5.031396        7.5310102       62.891781        268.7594       72.380894       54.467044       100.00694   2.1128591e-09       145.42513        11.73031       1284.9864       15.708884        12.672063         3.0368218       1296.7167                  19.58228                 395.91862                       869.48548               0.37458312              3.8112636                         7.5444637
              1       664.02322       3.0506271       0.9603928        71.15584     0.022198947      0.12064232     0.054381989           0.51464723   0.00031143796        0.5550131      0.99953315      0.99975959      0.99831782       73.549417       0.4512178       2.3934266      0.94844362       7.5446867       5.2137246        6.9262202       62.637182       266.84919       71.413047       54.467179       100.62204   2.1128591e-09       145.42513        11.73031       1284.4152       15.950451        12.694124         3.2563276       1296.1455                  19.58228                 395.91862                       868.91432               0.37458312              3.8112636                         7.5444637
              1       662.69638       3.0506271       0.9603928        71.15584     0.022198947      0.12064232     0.054381989           0.51464723   0.00031143796        0.5550131      0.99953315      0.99968425      0.99835411       73.820199      0.45658477       2.4431906       1.4138575       7.3747756       5.5006123        7.5405977       62.879173       276.20736       70.304993       53.401125       101.62256   2.1128591e-09       145.42513        11.73031       1283.0714       15.295513        12.308649         2.9868643       1294.8017                  19.58228                 395.91862                       867.57052               0.37458312              3.8112636                         7.5444637
              1       664.23613       3.0506271       0.9603928        71.15584     0.022198947      0.12064232     0.054381989           0.51464723   0.00031143796        0.5550131      0.99953315      0.99978548      0.99770195        74.89034      0.30654616       2.3139236       1.2550701       6.5710043       6.5693566        6.7929212       62.355303       293.81045       75.056983       56.641888       100.57606   2.1128591e-09       145.42513        11.73031       1287.2918       14.725069        11.561091          3.163978       1299.0221                  19.58228                 395.91862                       871.79091               0.37458312              3.8112636                         7.5444637
              1       661.66016       3.0506271       0.9603928        71.15584     0.022198947      0.12064232     0.054381989           0.51464723   0.00031143796        0.5550131      0.99953315       0.9997344      0.99815451       73.605488      0.36001047       2.7573999       1.7329712       7.1207194       5.9250169        7.3454422        63.83973       298.85559       74.971372       56.087935       99.699698   2.1128591e-09       145.42513        11.73031       1282.8959       14.347045        11.704089          2.642956       1294.6262                  19.58228                 395.91862                       867.39502               0.37458312              3.8112636                         7.5444637
              1       662.21809       3.0506271       0.9603928        71.15584     0.022198947      0.12064232     0.054381989           0.51464723   0.00031143796        0.5550131      0.99953315      0.99972143      0.99831671       73.586672      0.37215624       2.8060004       2.1004786        6.858156       6.2517026        7.1318503        63.36287       299.12659       75.692774       55.987149       99.992708   2.1128591e-09       145.42513        11.73031       1284.5161       14.094881        11.606905         2.4879752       1296.2464                  19.58228                 395.91862                       869.01522               0.37458312              3.8112636                         7.5444637
              1       661.95153       3.0506271       0.9603928        71.15584     0.022198947      0.12064232     0.054381989           0.51464723   0.00031143796        0.5550131      0.99953315      0.99967094      0.99828459       73.606713      0.36894606       2.7938649       2.1302609       7.0139304        6.351304        7.1402426       63.646835       298.50579       75.351141       56.117051       99.934372   2.1128591e-09       145.42513        11.73031       1284.3117       13.930502        11.445872         2.4846298       1296.0421                  19.58228                 395.91862                       868.81085               0.37458312              3.8112636                         7.5444637
              1       661.92502       3.0506271       0.9603928        71.15584     0.022198947      0.12064232     0.054381989           0.51464723   0.00031143796        0.5550131      0.99953315      0.99941925      0.99829461       73.586537      0.30804499       2.9438693       2.0787187       6.9159915       6.2108228        7.2730511       63.367466       296.19418       74.938046       55.025939        99.81118   2.1128591e-09       145.42513        11.73031       1283.3289       14.395422        11.969537         2.4258848       1295.0592                  19.58228                 395.91862                       867.82798               0.37458312              3.8112636                         7.5444637
              1       661.23019       3.0506271       0.9603928        71.15584     0.022198947      0.12064232     0.054381989           0.51464723   0.00031143796        0.5550131       1.0000175      0.99936857      0.99862676       73.703112      0.27494865        2.728847       1.9958105       7.5443871          6.3852        7.3733326       63.424733       298.19627       74.391405       52.601281       98.385079   2.1128591e-09       145.42513        11.73031       1281.7426       14.493714        11.929093         2.5646208        1293.473                 19.569704                 395.90967                       866.26327               0.37458312              3.8112636                         7.5444637
              1        662.3316       3.0506271       0.9603928        71.15584     0.022198947      0.12064232     0.054381989           0.51464723   0.00031143796        0.5550131       1.0002997      0.99940147      0.99859892       73.995357      0.28582212       2.8030292       1.9390485       7.7047689       6.1635064        6.9105041       62.599824       294.66459       75.104739        52.34053       98.491818   2.1128591e-09       145.42513        11.73031       1283.4275       14.752683        12.209442         2.5432409       1295.1578                 19.562731                 395.89272                       867.97206               0.37458312              3.8112636                         7.5444637
              1        663.0502       3.0506271       0.9603928        71.15584     0.022198947      0.12064232     0.054381989           0.51464723   0.00031143796        0.5550131       1.0005612      0.99916273      0.99828552       74.661902      0.34763345       3.4851693       1.3706053       9.0034885        6.138206        8.0092182       63.718207       284.73067       72.993135       52.470808        95.28224   2.1128591e-09       145.42513        11.73031       1285.5952       14.387447        12.007761         2.3796864       1297.3255                  19.55651                 395.89272                       870.14597               0.37458312              3.8112636                         7.5444637
              1       662.30428       3.0506271       0.9603928        71.15584     0.022198947      0.12064232     0.054381989           0.51464723   0.00031143796        0.5550131       1.0005612       0.9991736      0.99868458       75.039079       0.2909196       3.3037044       1.8636139       8.6900987       5.5635415        7.4073777       66.324876       284.52438        69.99578       52.777597       94.316014   2.1128591e-09       145.42513        11.73031       1282.1991       15.339602        13.015126         2.3244763       1293.9294                  19.55651                 395.89272                       866.74982               0.37458312              3.8112636                         7.5444637
              1       662.97001       3.0506271       0.9603928        71.15584     0.022198947      0.12064232     0.054381989           0.51464723   0.00031143796        0.5550131       1.0008988      0.99941303      0.99895557       75.164986       0.2636009        3.648584       1.5941976       8.6049752       6.2399088        7.3703669         66.2359       297.42024       69.920736       53.123737       95.837585   2.1128591e-09       145.42513        11.73031       1285.0515       14.579108        12.323951         2.2551567       1296.7818                 19.548787                 395.87177                       869.63093               0.37458312              3.8112636                         7.5444637
              1       663.12952       3.0506271       0.9603928        71.15584     0.022198947      0.12064232     0.054381989           0.51464723   0.00031143796        0.5550131       1.0008988      0.99947417      0.99886647       75.660155      0.21875383       3.3476032       1.7197457       9.1868285       5.6902985        9.7730816       66.252895       301.98898       73.247565       53.512644       97.932996   2.1128591e-09       145.42513        11.73031         1285.38       14.574346        12.230339         2.3440068       1297.1103                 19.548787                 395.87177                       869.95948               0.37458312              3.8112636                         7.5444637
              1       663.11567       3.0506271       0.9603928        71.15584     0.022198947      0.12064232     0.054381989           0.51464723   0.00031143796        0.5550131       1.0008988      0.99963769      0.99805705        75.75887      0.26619771       3.6992453       2.3116059       8.7881219       5.3628599        9.7361628       67.642708       310.56131       73.603703       54.412776       97.352728   2.1128591e-09       145.42513        11.73031       1287.2397       13.630676        11.523576         2.1071002         1298.97                 19.548787                 395.87177                       871.81913               0.37458312              3.8112636                         7.5444637
              1       663.60473       3.0506271       0.9603928        71.15584     0.022198947      0.12064232     0.054381989           0.51464723   0.00031143796        0.5550131       1.0008988      0.99956981      0.99797198       75.540219      0.26641593       3.7377121       2.1930278       8.9160666       5.2997147        9.8544532       67.641419       310.26215       73.586649       54.766917       96.731592   2.1128591e-09       145.42513        11.73031       1287.8841       13.797524        11.682197         2.1153261       1299.6144                 19.548787                 395.87177                       872.46355               0.37458312              3.8112636                         7.5444637
              1        661.1018       3.0506271       0.9603928        71.15584     0.022198947      0.12064232     0.054381989           0.51464723   0.00031143796        0.5550131       1.0008988      0.99950748      0.99888881       76.531645      0.33488622       4.1065744       2.5145802       9.1602012       6.6999747        9.1667917       67.596616       287.12763        73.35893       56.846918       95.769648   2.1128591e-09       145.42513        11.73031        1284.131       13.171161        11.144046         2.0271143       1295.8613                 19.548787                 395.87177                       868.71041               0.37458312              3.8112636                         7.5444637
              1       660.94653       3.0506271       0.9603928        71.15584     0.022198947      0.12064232     0.054381989           0.51464723   0.00031143796        0.5550131       1.0008988      0.99944376      0.99883852       76.365659      0.35191589       3.6602233       2.8105722       9.0376174       6.8671438        9.1476223       67.901581       287.09774       73.264748       57.079689       95.951107   2.1128591e-09       145.42513        11.73031       1284.1465       13.008112        10.952005         2.0561067       1295.8768                 19.548787                 395.87177                       868.72597               0.37458312              3.8112636                         7.5444637
              1       660.74246       3.0506271       0.9603928        71.15584     0.022198947      0.12064232     0.054381989           0.51464723   0.00031143796        0.5550131       1.0008988      0.99944243      0.99885613       76.291824      0.35228895       3.6564705       2.8292704       8.9604699       6.9431839        9.1026054       67.584913       285.58155       73.234098       57.053138       96.211908   2.1128591e-09       145.42513        11.73031       1283.7699       12.992353        10.937412         2.0549407       1295.5002                 19.548787                 395.87177                       868.34935               0.37458312              3.8112636                         7.5444637
              1       663.36052       3.0506271       0.9603928        71.15584     0.022198947      0.12064232     0.054381989           0.51464723   0.00031143796        0.5550131       1.0008988      0.99927452      0.99892396       76.151051      0.33182095       4.1314952       3.3881646        8.371663       7.0045128        9.6816126       67.677463       302.13578       69.883913       58.034811       97.006613   2.1128591e-09       145.42513        11.73031       1288.5747       13.208014        11.176654         2.0313597        1300.305                 19.548787                 395.87177                       873.15415               0.37458312              3.8112636                         7.5444637
              1       662.98921       3.0506271       0.9603928        71.15584     0.022198947      0.12064232     0.054381989           0.51464723   0.00031143796        0.5550131       1.0008988      0.99926907      0.99893139       76.079987      0.34454084       4.1147235       3.3812881       8.3794617       7.0242436        9.7095272       67.363979       302.47987       69.669391       57.845313       97.117919   2.1128591e-09       145.42513        11.73031       1287.7928       13.227638        11.198083         2.0295554       1299.5231                 19.548787                 395.87177                       872.37227               0.37458312              3.8112636                         7.5444637
              1       659.64133       3.0522396      0.95894062       71.083604     0.022424629      0.12101956     0.054677629           0.49717551   0.00030231399       0.57918061       1.0008988      0.99953057      0.99860876       76.634696      0.19675928       3.6957034       2.9162979       9.5377171       5.8604985        9.7490335       66.628147       286.60016       72.557641       52.489309        96.98974   2.1162687e-09       145.07258       10.222552       1281.5728       13.743675        11.701142         2.0425327       1291.7953                  19.59488                 395.88276                       866.09512               0.28864135              3.5409454                         6.3929648
              1       658.99934       3.0522396      0.95894062       71.083604     0.022424629      0.12101956     0.054677629           0.49717551   0.00030231399       0.57918061       1.0008988      0.99960563       0.9985721       77.085742      0.27452946        3.548659       2.7899838       9.2334879       6.6055129        10.027482       67.589684       294.65041       73.167602       51.338319       95.569251   2.1162687e-09       145.07258       10.222552       1282.4781       12.649013        10.572276         2.0767374       1292.7006                  19.59488                 395.88276                       867.00046               0.28864135              3.5409454                         6.3929648
              1       657.35588       3.0522396      0.95894062       71.083604     0.022424629      0.12101956     0.054677629           0.49717551   0.00030231399       0.57918061       1.0008988      0.99991332      0.99862343       76.918338      0.31165566       3.3870659       2.5757959       9.5530613        6.650077        10.815716       67.647277       293.44356       72.038466       52.270738       95.935052   2.1162687e-09       145.07258       10.222552       1279.7322       12.378515        10.235146         2.1433686       1289.9547                  19.59488                 395.88276                       864.25455               0.28864135              3.5409454                         6.3929648
              1       659.13269       3.0522396      0.95894062       71.083604     0.022424629      0.12101956     0.054677629           0.49717551   0.00030231399       0.57918061       1.0018755      0.99970614      0.99877972        76.94439      0.30224912       3.4439257       3.3630289       8.6786245       7.9041805        11.099961       66.388196       326.24905       73.402617       52.423302       96.747887   2.1162687e-09       145.07258       10.222552       1284.4993       11.771755        9.7323854         2.0393697       1294.7219                 19.571502                 395.89407                       869.03374               0.28864135              3.5409454                         6.3929648
              1       659.58262       3.0522396      0.95894062       71.083604     0.022424629      0.12101956     0.054677629           0.49717551   0.00030231399       0.57918061       1.0018755      0.99981369      0.99850646       76.686643      0.39446988       3.5294344       3.1153052       8.4466836       9.3232115        12.911476       66.306592        311.1555       74.893341       53.528932       99.879204   2.1162687e-09       145.07258       10.222552       1288.3137       10.314493        8.2667172          2.047776       1298.5363                 19.571502                 395.89407                       872.84814               0.28864135              3.5409454                         6.3929648
              2       659.99225       3.0522396      0.95894062       71.083604     0.022424629      0.12101956     0.054677629           0.49717551   0.00030231399       0.57918061       1.0018755      0.99979867       0.9985241       76.727976       0.3839819       3.5512558       3.0469299       8.4484533       9.3953564        13.064832       66.291641       312.55909       75.272322       53.532106       99.957214   2.1162687e-09       145.07258       10.222552        1289.152       10.304994        8.2544137         2.0505805       1299.3745                 19.571502                 395.89407                       873.68638               0.28864135              3.5409454                         6.3929648
              1       657.46841       3.0522396      0.95894062       71.083604     0.022424629      0.12101956     0.054677629           0.49717551   0.00030231399       0.57918061       1.0018755      0.99898708      0.99800495       76.236978      0.39139321       2.9680454       3.6818462       9.0897524       8.6103463        9.4836013       64.693444       306.72201       70.942048       49.234852       93.621425   2.1162687e-09       145.07258       10.222552       1279.7927       12.460796        10.379725         2.0810709       1290.0152                 19.571502                 395.89407                        864.3271               0.28864135              3.5409454                         6.3929648
              1       655.74071       3.0522396      0.95894062       71.083604     0.022424629      0.12101956     0.054677629           0.49717551   0.00030231399       0.57918061       1.0018755      0.99896794      0.99814231       76.229297      0.32057192       2.9889579       3.9080194       9.3185491       9.0438655        9.5849191       65.492371        299.2331       70.914001       49.961797       92.187563   2.1162687e-09       145.07258       10.222552        1276.742       12.258413        10.204444         2.0539691       1286.9646                 19.571502                 395.89407                       861.27647               0.28864135              3.5409454                         6.3929648
              1       657.20837       3.0522396      0.95894062       71.083604     0.022424629      0.12101956     0.054677629           0.49717551   0.00030231399       0.57918061       1.0018755      0.99902049      0.99816846       76.081501      0.43654593        3.352328       4.5936228       8.8301409       9.2231849        11.605632       71.412938        314.0739       69.124487       51.014234       89.278498   2.1162687e-09       145.07258       10.222552       1281.6358       11.279189        9.2500179         2.0291712       1291.8584                 19.571502                 395.89407                       866.17024               0.28864135              3.5409454                         6.3929648
              1        658.5046       3.0522396      0.95894062       71.083604     0.022424629      0.12101956     0.054677629           0.49717551   0.00030231399       0.57918061       1.0029223      0.99933431      0.99833373       75.909412      0.45020203       3.3242502       3.9634966       8.6367132       9.3377485        12.290304       71.826002       301.52691       69.414755       49.630413       89.437724   2.1162687e-09       145.07258       10.222552       1284.9445       10.921063        8.9008794         2.0201839       1295.1671                 19.549692                 395.88297                       869.51185               0.28864135              3.5409454                         6.3929648
              1       656.67623       3.0522396      0.95894062       71.083604     0.022424629      0.12101956     0.054677629           0.49717551   0.00030231399       0.57918061       1.0026589      0.99962572      0.99858961       75.303783      0.47028509        3.544967       4.4388317       7.9936887       8.6530827        13.192454       72.318653       302.60729       68.699956       48.451346       89.016398   2.1162687e-09       145.07258       10.222552       1281.5212       10.804345        8.7660694         2.0382759       1291.7438                  19.55489                 395.89644                       866.06988               0.28864135              3.5409454                         6.3929648
              1       657.80477       3.0522396      0.95894062       71.083604     0.022424629      0.12101956     0.054677629           0.49717551   0.00030231399       0.57918061       1.0026007      0.99949927       0.9986281       75.751548      0.52161056       3.6329853       4.4076377       7.6039687       8.8527606        13.989131       73.590865        289.7302       69.073484       49.266552        90.76415   2.1162687e-09       145.07258       10.222552       1283.7476        10.81971        8.7733261          2.046384       1293.9701                 19.556066                 395.89644                       868.29507               0.28864135              3.5409454                         6.3929648
              1       657.48953       3.0522396      0.95894062       71.083604     0.022424629      0.12101956     0.054677629           0.49717551   0.00030231399       0.57918061       1.0026007      0.99945815      0.99864572       75.742181      0.52024879         3.62286       4.4220615       7.6176554       8.8711761        14.054898       73.633334        289.7185       69.278804       49.259155       90.668599   2.1162687e-09       145.07258       10.222552       1282.9913       10.882615        8.8363732         2.0462419       1293.2138                 19.556066                 395.89644                       867.53876               0.28864135              3.5409454                         6.3929648
              1       658.28966       3.0522396      0.95894062       71.083604     0.022424629      0.12101956     0.054677629           0.49717551   0.00030231399       0.57918061       1.0026007      0.99936047       0.9987907       75.469068      0.57499228       3.5190633       3.9410949       7.5548694       8.7373784        14.607795       72.469441       293.87589       69.029911       48.952757       91.439554   2.1162687e-09       145.07258       10.222552       1283.7532       11.301784        9.2839483         2.0178356       1293.9758                 19.556066                 395.89644                        868.3007               0.28864135              3.5409454                         6.3929648
              1        657.2656       3.0522396      0.95894062       71.083604     0.022424629      0.12101956     0.054677629           0.49717551   0.00030231399       0.57918061       1.0026007      0.99959308      0.99901114       74.283861      0.61090223       3.5610312       5.2059574       7.3008362       9.0185975        14.239415       71.912123       306.62053       69.841331       49.556074        91.48592   2.1162687e-09       145.07258       10.222552       1281.2312       11.538708         9.411706         2.1270016       1291.4538                 19.556066                 395.89644                       865.77872               0.28864135              3.5409454                         6.3929648
              1       657.26914       3.0522396      0.95894062       71.083604     0.022424629      0.12101956     0.054677629           0.49717551   0.00030231399       0.57918061       1.0026007      0.99952685      0.99906396       74.301378      0.59089228       3.4632548       5.3163924       7.1538183       8.8552574        14.396045       72.104619       305.23632       69.233886       49.678007       91.725268   2.1162687e-09       145.07258       10.222552       1280.6547         11.8305        9.7105564          2.119944       1290.8773                 19.556066                 395.89644                       865.20221               0.28864135              3.5409454                         6.3929648
              1       658.57411       3.0522396      0.95894062       71.083604     0.022424629      0.12101956     0.054677629           0.49717551   0.00030231399       0.57918061       1.0025448      0.99922333      0.99944407       74.889078      0.51863121        3.627558       5.9442912       6.1087397       9.6277472        14.993154       76.034619       292.29311       67.555474       49.279223       92.620561   2.1162687e-09       145.07258       10.222552       1279.7572       13.584234        11.285837          2.298397       1289.9798                 19.557203                 395.89644                       864.30356               0.28864135              3.5409454                         6.3929648
              1       658.25232       3.0522396      0.95894062       71.083604     0.022424629      0.12101956     0.054677629           0.49717551   0.00030231399       0.57918061       1.0025448      0.99899439      0.99914432       73.961044      0.53698217       3.0841583       5.9734487       6.9006642       10.105019        16.369355        77.39211       296.53151       67.873366       51.384732       93.582998   2.1162687e-09       145.07258       10.222552       1281.6065       12.337796        10.210092         2.1277037        1291.829                 19.557203                 395.89644                       866.15284               0.28864135              3.5409454                         6.3929648
              1       658.45292       3.0522396      0.95894062       71.083604     0.022424629      0.12101956     0.054677629           0.49717551   0.00030231399       0.57918061       1.0025448      0.99896308      0.99914692       74.034335      0.54586634       3.0315894       6.0445957       6.7562881       10.139183        16.160906       77.475545       300.04458         67.5493       51.627221       93.448364   2.1162687e-09       145.07258       10.222552       1281.6868       12.498265         10.37258         2.1256848       1291.9093                 19.557203                 395.89644                       866.23311               0.28864135              3.5409454                         6.3929648
              1       660.17676       3.0522396      0.95894062       71.083604     0.022424629      0.12101956     0.054677629           0.49717551   0.00030231399       0.57918061       1.0025448      0.99906787      0.99925249       72.091778        0.453901       3.3380247       4.7420272       4.8694842       8.4026474        16.491176       79.577127       328.82904       72.643619       49.891801        91.47858   2.1162687e-09       145.07258       10.222552       1281.6678       14.231593        12.195168         2.0364249       1291.8903                 19.557203                 395.89644                       866.21413               0.28864135              3.5409454                         6.3929648
              4       658.81508       3.0522396      0.95894062       71.083604     0.022424629      0.12101956     0.054677629           0.49717551   0.00030231399       0.57918061       1.0011168      0.99906787      0.99925249       72.091778        0.453901       3.3380247       4.7420272       4.8694842       8.4026474        16.491176       79.577127       328.82904       72.643619       49.891801        91.47858   2.1162687e-09       145.07258       10.222552       1279.7811       13.813276        11.776851         2.0364249       1290.0036                 19.589397                 395.88572                       864.30594               0.28864135              3.5409454                         6.3929648
