# Matter power spectrum P(k) at redshift z=0
# for k=1.04769e-05 to 1.50104 h/Mpc,
# number of wavenumbers equal to 525
#    1:k (h/Mpc)              2:P (Mpc/h)^3        
       1.047691926673e-05       4.761706032225e+01 
       2.341195969144e-05       1.035314632206e+02 
       3.639282524205e-05       1.585328125242e+02 
       4.945473654097e-05       2.131887495293e+02 
       6.263350121712e-05       2.678267199427e+02 
       7.596583586913e-05       3.226948670954e+02 
       8.948969840081e-05       3.780072157844e+02 
       1.032446351835e-04       4.339622341556e+02 
       1.172721475338e-04       4.907524073301e+02 
       1.316160820285e-04       5.485700740973e+02 
       1.463230491844e-04       6.076115283281e+02 
       1.614428749642e-04       6.680802446357e+02 
       1.770290893801e-04       7.301896550169e+02 
       1.931394560741e-04       7.941657116576e+02 
       2.098365460572e-04       8.602493609452e+02 
       2.271883576509e-04       9.286989979772e+02 
       2.452689829160e-04       9.997929355809e+02 
       2.641593182404e-04       1.073831901586e+03 
       2.839478130117e-04       1.151141544473e+03 
       3.047312450610e-04       1.232074894332e+03 
       3.266155044503e-04       1.317014707515e+03 
       3.497163577526e-04       1.406375571572e+03 
       3.741601528615e-04       1.500605601381e+03 
       4.000844093178e-04       1.600187504037e+03 
       4.276382212021e-04       1.705638722480e+03 
       4.569823794406e-04       1.817510292889e+03 
       4.882890994007e-04       1.936383994901e+03 
       5.217412207200e-04       2.062867313846e+03 
       5.575307338581e-04       2.197585708560e+03 
       5.958564881904e-04       2.341171733157e+03 
       6.369209573755e-04       2.494250660539e+03 
       6.809259874632e-04       2.657422510946e+03 
       7.280675380726e-04       2.831240701531e+03 
       7.785295479921e-04       3.016188083350e+03 
       8.324772054196e-04       3.212651628168e+03 
       8.900500592742e-04       3.420897583658e+03 
       9.513555391333e-04       3.641049407176e+03 
       1.016463518805e-03       3.873070849158e+03 
       1.085402528892e-03       4.116756396024e+03 
       1.158158082529e-03       4.371730686079e+03 
       1.234673340766e-03       4.637457304425e+03 
       1.314852054488e-03       4.913256553482e+03 
       1.398563440701e-03       5.198303519806e+03 
       1.485648442292e-03       5.491720677769e+03 
       1.575926719562e-03       5.792573894018e+03 
       1.669203735000e-03       6.099887142654e+03 
       1.765277396890e-03       6.412682252336e+03 
       1.863943883486e-03       6.730001174852e+03 
       1.965002437130e-03       7.050923695513e+03 
       2.068259065932e-03       7.374580991376e+03 
       2.173529202328e-03       7.700163589249e+03 
       2.280639438925e-03       8.026926540624e+03 
       2.389428496898e-03       8.354191756828e+03 
       2.499747589710e-03       8.681345998337e+03 
       2.611460334570e-03       9.007839477726e+03 
       2.724442343867e-03       9.333181656074e+03 
       2.838580605082e-03       9.656937857965e+03 
       2.953772734075e-03       9.978724985017e+03 
       3.069926165532e-03       1.029820434997e+04 
       3.186957326544e-03       1.061508145722e+04 
       3.304790825059e-03       1.092909848710e+04 
       3.423358673943e-03       1.124003299414e+04 
       3.542599563180e-03       1.154768831419e+04 
       3.662458186809e-03       1.185189970555e+04 
       3.782884627033e-03       1.215252391956e+04 
       3.903833795138e-03       1.244944039086e+04 
       4.025264927028e-03       1.274254601720e+04 
       4.147141130114e-03       1.303175430689e+04 
       4.269428977703e-03       1.331699695455e+04 
       4.392098146795e-03       1.359821388790e+04 
       4.515121095213e-03       1.387536356318e+04 
       4.638472774103e-03       1.414840397246e+04 
       4.762130372125e-03       1.441729731616e+04 
       4.886073087878e-03       1.468203255716e+04 
       5.010281927456e-03       1.494263528819e+04 
       5.134739524298e-03       1.519905946672e+04 
       5.259429978799e-03       1.545126685270e+04 
       5.384338715414e-03       1.569941536440e+04 
       5.509452355258e-03       1.594341016793e+04 
       5.634758602397e-03       1.618324532873e+04 
       5.760246142280e-03       1.641822669959e+04 
       5.885904550900e-03       1.664984746459e+04 
       6.011724213466e-03       1.687736337868e+04 
       6.137696251509e-03       1.710077189395e+04 
       6.263812457458e-03       1.732026840323e+04 
       6.390065235866e-03       1.753585646708e+04 
       6.516447550522e-03       1.774772072576e+04 
       6.642952876822e-03       1.795509256482e+04 
       6.769575158811e-03       1.815865333439e+04 
       6.896308770390e-03       1.835839320844e+04 
       7.023148480245e-03       1.855430605469e+04 
       7.150089420099e-03       1.874641046006e+04 
       7.277127055941e-03       1.893453645413e+04 
       7.404257161913e-03       1.911918638704e+04 
       7.531475796594e-03       1.929996171084e+04 
       7.658779281424e-03       1.947770100488e+04 
       7.786164181060e-03       1.965126585819e+04 
       7.913627285467e-03       1.982122313201e+04 
       8.041165593574e-03       1.998763628564e+04 
       8.168776298345e-03       2.015054118827e+04 
       8.296456773121e-03       2.030994774700e+04 
       8.424204559120e-03       2.046592890551e+04 
       8.552017353978e-03       2.061848709421e+04 
       8.679893001241e-03       2.076767204628e+04 
       8.807829480714e-03       2.091351554433e+04 
       8.935824899592e-03       2.105603514458e+04 
       9.063877484302e-03       2.119529041287e+04 
       9.191985572989e-03       2.133133531045e+04 
       9.320147608601e-03       2.146417962982e+04 
       9.448362132496e-03       2.159387029698e+04 
       9.576627778560e-03       2.172042934667e+04 
       9.704943267760e-03       2.184389233075e+04 
       9.833307403116e-03       2.196430375013e+04 
       9.961719065048e-03       2.208169521209e+04 
       1.009017720707e-02       2.219609104064e+04 
       1.021868085181e-02       2.230753054580e+04 
       1.034722908729e-02       2.241540725143e+04 
       1.047582106353e-02       2.252168094639e+04 
       1.060445598936e-02       2.262447139121e+04 
       1.073313312945e-02       2.272448117601e+04 
       1.086185180159e-02       2.282156531478e+04 
       1.099061137415e-02       2.291596043132e+04 
       1.111941126371e-02       2.300763805003e+04 
       1.124825093283e-02       2.309661127008e+04 
       1.137712988805e-02       2.318292739534e+04 
       1.150604767800e-02       2.326659402333e+04 
       1.163500389156e-02       2.334765648064e+04 
       1.176399815629e-02       2.342614742570e+04 
       1.189303013686e-02       2.350210167431e+04 
       1.202209953367e-02       2.357553618935e+04 
       1.215120608147e-02       2.364645355471e+04 
       1.228034954816e-02       2.371490466056e+04 
       1.240952973366e-02       2.378098342163e+04 
       1.253874646883e-02       2.384469875773e+04 
       1.266799961449e-02       2.390595441905e+04 
       1.279728906050e-02       2.396489813433e+04 
       1.292661472492e-02       2.402164940850e+04 
       1.305597655323e-02       2.407592414921e+04 
       1.318537451758e-02       2.412803024635e+04 
       1.331480861614e-02       2.417787951806e+04 
       1.344427887247e-02       2.422561075624e+04 
       1.357378533497e-02       2.427097850713e+04 
       1.370332807633e-02       2.431440787440e+04 
       1.383290719305e-02       2.435552762189e+04 
       1.396252280503e-02       2.439396799601e+04 
       1.409217505513e-02       2.443173547385e+04 
       1.422186410886e-02       2.446663040309e+04 
       1.435159015400e-02       2.449966551252e+04 
       1.448135340035e-02       2.453053099732e+04 
       1.461115407942e-02       2.455950795713e+04 
       1.474099244427e-02       2.458651802562e+04 
       1.487086876923e-02       2.461164529242e+04 
       1.500078334980e-02       2.463487260697e+04 
       1.513073650245e-02       2.465621545832e+04 
       1.526072856451e-02       2.467566699538e+04 
       1.539075989412e-02       2.469332253548e+04 
       1.552083087009e-02       2.470918673898e+04 
       1.565094189189e-02       2.472333897966e+04 
       1.578109337963e-02       2.473566314371e+04 
       1.591128577403e-02       2.474618135980e+04 
       1.604151953645e-02       2.475499666557e+04 
       1.617179514894e-02       2.476230379385e+04 
       1.630211311427e-02       2.476773889990e+04 
       1.643247395602e-02       2.477164246020e+04 
       1.656287821868e-02       2.477389352769e+04 
       1.669332646773e-02       2.477448034319e+04 
       1.682381928984e-02       2.477358286091e+04 
       1.695435729293e-02       2.477111228132e+04 
       1.708494110642e-02       2.476641255336e+04 
       1.721557138137e-02       2.476157912772e+04 
       1.734624879067e-02       2.475450439196e+04 
       1.747697402930e-02       2.474608114365e+04 
       1.760774781453e-02       2.473615462586e+04 
       1.773857088619e-02       2.472482567170e+04 
       1.786944400693e-02       2.471206064660e+04 
       1.800036796251e-02       2.469741141968e+04 
       1.813134356210e-02       2.468236713278e+04 
       1.826237163860e-02       2.466456617200e+04 
       1.839345304898e-02       2.464733800009e+04 
       1.852458867462e-02       2.462783229988e+04 
       1.865577942168e-02       2.460703596107e+04 
       1.878702622150e-02       2.458422760921e+04 
       1.891833003099e-02       2.456155440409e+04 
       1.904969183306e-02       2.453713004764e+04 
       1.918111263705e-02       2.451058824094e+04 
       1.931259347918e-02       2.448378025400e+04 
       1.944413542303e-02       2.445632250894e+04 
       1.957573956004e-02       2.442704984290e+04 
       1.970740701000e-02       2.439651190470e+04 
       1.983913892160e-02       2.436502320006e+04 
       1.997093647295e-02       2.433176134035e+04 
       2.010280087219e-02       2.429834580584e+04 
       2.023473335801e-02       2.426336817863e+04 
       2.036673520032e-02       2.422811299415e+04 
       2.049880770086e-02       2.419137928481e+04 
       2.063095219382e-02       2.415284813908e+04 
       2.076317004654e-02       2.411462737707e+04 
       2.089546266019e-02       2.407412951613e+04 
       2.102783147050e-02       2.403417401024e+04 
       2.116027794845e-02       2.399238233026e+04 
       2.129280360111e-02       2.394891166736e+04 
       2.142540997234e-02       2.390527542887e+04 
       2.155809864366e-02       2.386087130786e+04 
       2.169087123507e-02       2.381564660688e+04 
       2.182372940589e-02       2.376962509593e+04 
       2.195667485569e-02       2.372261699087e+04 
       2.208970932518e-02       2.367473602688e+04 
       2.222283459716e-02       2.362610780914e+04 
       2.235605249748e-02       2.357659139374e+04 
       2.248936489611e-02       2.352646825788e+04 
       2.262277370808e-02       2.347547820684e+04 
       2.275628089463e-02       2.342446521223e+04 
       2.288988846430e-02       2.337132399239e+04 
       2.302359847402e-02       2.331824853269e+04 
       2.315741303034e-02       2.326430731592e+04 
       2.329133429061e-02       2.321039036375e+04 
       2.342536446425e-02       2.315454943882e+04 
       2.355950581401e-02       2.309923578378e+04 
       2.369376065732e-02       2.304222803348e+04 
       2.382813136766e-02       2.298492050792e+04 
       2.396262037596e-02       2.292721006236e+04 
       2.409723017208e-02       2.286937248613e+04 
       2.423196330628e-02       2.281014740438e+04 
       2.436682239084e-02       2.275046368640e+04 
       2.450181010158e-02       2.269085160375e+04 
       2.463692917958e-02       2.263004053449e+04 
       2.477218243289e-02       2.256824007110e+04 
       2.490757273823e-02       2.250652604665e+04 
       2.504310304290e-02       2.244441639785e+04 
       2.517877636659e-02       2.238205816299e+04 
       2.531459580339e-02       2.231900866172e+04 
       2.545056452376e-02       2.225461380325e+04 
       2.558668577660e-02       2.219045023139e+04 
       2.572296289143e-02       2.212602109376e+04 
       2.585939928062e-02       2.206111447994e+04 
       2.599599844162e-02       2.199555741454e+04 
       2.613276395941e-02       2.192965679919e+04 
       2.626969950891e-02       2.186338847698e+04 
       2.640680885754e-02       2.179686857091e+04 
       2.654409586786e-02       2.172966118815e+04 
       2.668156450025e-02       2.166217363536e+04 
       2.681921881578e-02       2.159468262034e+04 
       2.695706297909e-02       2.152632678010e+04 
       2.709510126144e-02       2.145828583323e+04 
       2.723333804382e-02       2.138918102943e+04 
       2.737177782019e-02       2.132043516546e+04 
       2.751042520089e-02       2.125072546244e+04 
       2.764928491605e-02       2.118102378789e+04 
       2.778836181928e-02       2.111130873482e+04 
       2.792766089137e-02       2.104081940025e+04 
       2.806718724419e-02       2.097080684920e+04 
       2.820694612475e-02       2.089969355835e+04 
       2.834694291936e-02       2.082856145417e+04 
       2.848718315800e-02       2.075737234596e+04 
       2.862767251884e-02       2.068595611540e+04 
       2.876841683293e-02       2.061428554051e+04 
       2.890942208906e-02       2.054237132922e+04 
       2.905069443889e-02       2.047071453789e+04 
       2.919224020214e-02       2.039830528038e+04 
       2.933406587217e-02       2.032558405836e+04 
       2.947617812160e-02       2.025294946956e+04 
       2.961858380832e-02       2.018014594878e+04 
       2.976128998162e-02       2.010717104406e+04 
       2.990430388870e-02       2.003408058386e+04 
       3.004763298130e-02       1.996078596223e+04 
       3.019128492275e-02       1.988743917346e+04 
       3.033526759526e-02       1.981393425413e+04 
       3.047958910748e-02       1.974028918364e+04 
       3.062425780250e-02       1.966656168303e+04 
       3.076928226607e-02       1.959265235845e+04 
       3.091467133527e-02       1.951911274807e+04 
       3.106043410755e-02       1.944465514857e+04 
       3.120657995014e-02       1.937051271367e+04 
       3.135311850992e-02       1.929623625865e+04 
       3.150005972372e-02       1.922225460995e+04 
       3.164741382913e-02       1.914761974121e+04 
       3.179519137574e-02       1.907344403678e+04 
       3.194340323700e-02       1.899866406183e+04 
       3.209206062257e-02       1.892412766858e+04 
       3.224117509128e-02       1.884962992321e+04 
       3.239075856472e-02       1.877487499696e+04 
       3.254082334154e-02       1.870020969162e+04 
       3.269138211233e-02       1.862550977258e+04 
       3.284244797535e-02       1.855091583331e+04 
       3.299403445306e-02       1.847588353893e+04 
       3.314615550935e-02       1.840117373557e+04 
       3.329882556783e-02       1.832653274430e+04 
       3.345205953094e-02       1.825168282000e+04 
       3.360587280010e-02       1.817690711900e+04 
       3.376028129694e-02       1.810203104648e+04 
       3.391530148562e-02       1.802704397245e+04 
       3.407095039644e-02       1.795219885015e+04 
       3.422724565061e-02       1.787742661120e+04 
       3.438420548648e-02       1.780280086435e+04 
       3.454184878722e-02       1.772793183733e+04 
       3.470019511003e-02       1.765304866090e+04 
       3.485926471702e-02       1.757857209829e+04 
       3.501907860789e-02       1.750360355051e+04 
       3.517965855450e-02       1.742881512468e+04 
       3.534102713746e-02       1.735426007840e+04 
       3.550320778496e-02       1.727959716731e+04 
       3.566622481384e-02       1.720495960402e+04 
       3.583010347328e-02       1.713037125074e+04 
       3.599486999111e-02       1.705582802718e+04 
       3.616055162306e-02       1.698141164728e+04 
       3.632717670509e-02       1.690680318061e+04 
       3.649477470912e-02       1.683240727979e+04 
       3.666337630232e-02       1.675799580886e+04 
       3.683301341034e-02       1.668349539876e+04 
       3.700371928474e-02       1.660922158641e+04 
       3.717552857495e-02       1.653499778152e+04 
       3.734847740515e-02       1.646062876540e+04 
       3.752260345652e-02       1.638649153625e+04 
       3.769794605517e-02       1.631232599703e+04 
       3.787454626639e-02       1.623802003494e+04 
       3.805244699572e-02       1.616385590554e+04 
       3.823169309731e-02       1.608979364876e+04 
       3.841233149042e-02       1.601573788325e+04 
       3.859441128463e-02       1.594189437384e+04 
       3.877798391463e-02       1.586773909407e+04 
       3.896310328543e-02       1.579366886501e+04 
       3.914982592901e-02       1.572004347397e+04 
       3.933821117342e-02       1.564572954992e+04 
       3.952832132571e-02       1.557190510360e+04 
       3.972022186973e-02       1.549795877738e+04 
       3.991398168067e-02       1.542393259601e+04 
       4.010967325765e-02       1.535027210668e+04 
       4.030737297655e-02       1.527612803183e+04 
       4.050716136489e-02       1.520224630327e+04 
       4.070912340138e-02       1.512827548484e+04 
       4.091334884255e-02       1.505425021101e+04 
       4.111993257965e-02       1.498047235875e+04 
       4.132897502901e-02       1.490618569542e+04 
       4.154058255977e-02       1.483235084886e+04 
       4.175486796333e-02       1.475843076156e+04 
       4.197195096932e-02       1.468402645945e+04 
       4.219195881372e-02       1.460985418715e+04 
       4.241502686554e-02       1.453546324212e+04 
       4.264129931930e-02       1.446116240499e+04 
       4.287092996166e-02       1.438670328995e+04 
       4.310408302182e-02       1.431211492387e+04 
       4.334093411674e-02       1.423744014311e+04 
       4.358167130388e-02       1.416274242835e+04 
       4.382649625638e-02       1.408765823264e+04 
       4.407562557775e-02       1.401259523885e+04 
       4.432929227608e-02       1.393730058021e+04 
       4.458774742116e-02       1.386181334504e+04 
       4.485126201199e-02       1.378608899689e+04 
       4.512012908669e-02       1.371015422606e+04 
       4.539466611295e-02       1.363400005927e+04 
       4.567521770395e-02       1.355750265090e+04 
       4.596215871311e-02       1.348110822784e+04 
       4.625589777133e-02       1.340359460805e+04 
       4.655688134301e-02       1.332627624402e+04 
       4.686559839221e-02       1.324863813458e+04 
       4.718258576945e-02       1.317048450090e+04 
       4.750843445272e-02       1.309147476644e+04 
       4.784379680528e-02       1.301223976385e+04 
       4.818939504870e-02       1.293246177564e+04 
       4.854603119467e-02       1.285223174203e+04 
       4.891459873538e-02       1.277088985559e+04 
       4.929609646355e-02       1.268919639802e+04 
       4.969164488313e-02       1.260644826689e+04 
       5.010250578601e-02       1.252345681353e+04 
       5.053010571503e-02       1.243848190477e+04 
       5.097606421919e-02       1.235283202726e+04 
       5.144222804274e-02       1.226597393427e+04 
       5.193071269010e-02       1.217852815819e+04 
       5.244395318928e-02       1.208855449461e+04 
       5.298476635354e-02       1.199734208889e+04 
       5.355642742969e-02       1.190414540579e+04 
       5.416276472532e-02       1.180872621513e+04 
       5.480827660324e-02       1.171055352102e+04 
       5.549827603123e-02       1.160936950109e+04 
       5.623906845809e-02       1.150477027066e+04 
       5.703816865455e-02       1.139609140979e+04 
       5.790456028166e-02       1.128249294386e+04 
       5.884899630436e-02       1.116182164691e+04 
       5.988432518580e-02       1.103452965786e+04 
       6.102580056088e-02       1.089642386426e+04 
       6.229128085890e-02       1.074676356504e+04 
       6.370113875783e-02       1.058097686186e+04 
       6.527757660744e-02       1.039418457699e+04 
       6.704292263544e-02       1.018030240977e+04 
       6.901650341625e-02       9.933506047436e+03 
       7.121012295984e-02       9.645534973872e+03 
       7.362324371868e-02       9.311224033896e+03 
       7.624022272362e-02       8.928651678812e+03 
       7.903194124989e-02       8.501796772547e+03 
       8.196181963749e-02       8.042993229373e+03 
       8.499324963637e-02       7.567211657532e+03 
       8.809500534237e-02       7.093926483155e+03 
       9.124333654661e-02       6.640875708163e+03 
       9.442156583869e-02       6.223057440710e+03 
       9.761859366953e-02       5.850173466193e+03 
       1.008272856925e-01       5.528144289919e+03 
       1.040431563776e-01       5.257502689465e+03 
       1.072634240687e-01       5.034861756328e+03 
       1.104863782354e-01       4.854311117139e+03 
       1.137109723566e-01       4.707460796811e+03 
       1.169365680654e-01       4.584786637160e+03 
       1.201627765986e-01       4.476476625817e+03 
       1.233893613686e-01       4.373435449699e+03 
       1.266161783980e-01       4.267596859007e+03 
       1.298431400134e-01       4.153394258663e+03 
       1.330701927569e-01       4.027160443009e+03 
       1.362973039611e-01       3.887755837492e+03 
       1.395244535955e-01       3.737091116682e+03 
       1.427516293145e-01       3.577790433531e+03 
       1.459788234517e-01       3.414800360908e+03 
       1.492060311933e-01       3.253137185400e+03 
       1.524332494701e-01       3.097158484490e+03 
       1.556604762822e-01       2.951351436657e+03 
       1.588877102898e-01       2.818880859953e+03 
       1.621149505632e-01       2.701630332975e+03 
       1.653421964299e-01       2.600233466508e+03 
       1.685694473820e-01       2.514110067071e+03 
       1.717967030184e-01       2.441765291032e+03 
       1.750239630096e-01       2.381036878084e+03 
       1.782512270756e-01       2.328966678834e+03 
       1.814784949719e-01       2.282739260714e+03 
       1.847057664808e-01       2.239641078787e+03 
       1.879330414051e-01       2.196984193313e+03 
       1.911603195648e-01       2.152338088424e+03 
       1.943876007940e-01       2.104076866824e+03 
       1.976148849389e-01       2.051514279156e+03 
       2.008421718568e-01       1.994486218814e+03 
       2.040694614141e-01       1.933791331804e+03 
       2.072967534861e-01       1.870650850506e+03 
       2.105240479562e-01       1.806751121767e+03 
       2.137513447146e-01       1.743683875011e+03 
       2.169786436584e-01       1.682804677625e+03 
       2.202059446908e-01       1.625354009586e+03 
       2.234332477205e-01       1.572205896099e+03 
       2.266605526617e-01       1.523887606233e+03 
       2.298878594332e-01       1.480667468189e+03 
       2.331151679585e-01       1.442342417213e+03 
       2.363424781652e-01       1.408577624963e+03 
       2.395697899850e-01       1.378637807080e+03 
       2.427971033531e-01       1.351795718692e+03 
       2.460244182081e-01       1.327022186959e+03 
       2.492517344920e-01       1.303298776034e+03 
       2.524790521495e-01       1.279964237995e+03 
       2.557063711285e-01       1.256117983307e+03 
       2.589336913791e-01       1.231433427003e+03 
       2.621610128540e-01       1.205701217387e+03 
       2.653883355084e-01       1.178821777263e+03 
       2.686156592995e-01       1.150934181521e+03 
       2.718429841866e-01       1.122391432615e+03 
       2.750703101309e-01       1.093515921213e+03 
       2.782976370953e-01       1.064882475771e+03 
       2.815249650446e-01       1.036836640707e+03 
       2.847522939451e-01       1.009981870330e+03 
       2.879796237647e-01       9.845949845998e+02 
       2.912069544726e-01       9.609266625786e+02 
       2.944342860394e-01       9.390529032538e+02 
       2.976616184372e-01       9.189343628309e+02 
       3.008889516389e-01       9.004612642015e+02 
       3.041162856189e-01       8.833792113036e+02 
       3.073436203525e-01       8.673922396045e+02 
       3.105709558161e-01       8.523086670109e+02 
       3.137982919871e-01       8.378137148118e+02 
       3.170256288437e-01       8.236231525800e+02 
       3.202529663652e-01       8.094977307931e+02 
       3.234803045314e-01       7.953415285360e+02 
       3.267076433233e-01       7.809108884289e+02 
       3.299349827223e-01       7.663008602259e+02 
       3.331623227108e-01       7.514242412857e+02 
       3.363896632717e-01       7.364613025805e+02 
       3.396170043886e-01       7.215384564380e+02 
       3.428443460457e-01       7.067441547959e+02 
       3.460716882278e-01       6.921998349879e+02 
       3.492990309204e-01       6.780985802164e+02 
       3.525263741093e-01       6.645094955241e+02 
       3.557537177809e-01       6.514931982540e+02 
       3.589810619223e-01       6.391376838158e+02 
       3.622084065207e-01       6.274055733563e+02 
       3.654357515641e-01       6.163085723091e+02 
       3.686630970406e-01       6.057945741168e+02 
       3.718904429390e-01       5.958085902762e+02 
       3.751177892483e-01       5.861949662433e+02 
       3.783451359579e-01       5.768895356785e+02 
       3.815724830577e-01       5.677852562635e+02 
       3.847998305378e-01       5.588186077026e+02 
       3.880271783887e-01       5.499436607348e+02 
       3.912545266012e-01       5.411023585252e+02 
       3.944818751662e-01       5.323286936848e+02 
       3.977092240754e-01       5.235556081138e+02 
       4.009365733202e-01       5.148404506261e+02 
       4.041639228926e-01       5.061988721452e+02 
       4.073912727848e-01       4.976404470646e+02 
       4.106186229892e-01       4.892181299177e+02 
       4.138459734985e-01       4.809928398380e+02 
       4.170733243057e-01       4.729768016697e+02 
       4.203006754037e-01       4.651948529049e+02 
       4.235280267859e-01       4.576609637656e+02 
       4.267553784459e-01       4.503795607359e+02 
       4.299827303774e-01       4.433422154324e+02 
       4.332100825743e-01       4.365368393667e+02 
       4.364374350306e-01       4.299516492650e+02 
       4.396647877407e-01       4.235778558256e+02 
       4.428921406989e-01       4.173801459761e+02 
       4.461194939000e-01       4.113423816766e+02 
       4.493468473385e-01       4.054326868561e+02 
       4.525742010095e-01       3.996339647868e+02 
       4.558015549079e-01       3.939088896869e+02 
       4.590289090290e-01       3.882377864890e+02 
       4.622562633681e-01       3.826440622675e+02 
       4.654836179205e-01       3.771129570463e+02 
       4.687109726820e-01       3.716500217700e+02 
       4.719383276482e-01       3.662588595616e+02 
       4.904434693843e-01       3.371130053723e+02 
       5.102894399848e-01       3.100376180935e+02 
       5.317300643743e-01       2.842838109128e+02 
       5.551054699423e-01       2.590292547619e+02 
       5.808850864488e-01       2.349003923818e+02 
       6.097401982607e-01       2.114832266456e+02 
       6.426730580910e-01       1.884834174295e+02 
       6.812615443443e-01       1.658213917428e+02 
       7.281578139558e-01       1.430851169790e+02 
       7.881886230843e-01       1.198830490034e+02 
       8.709449433079e-01       9.571022088125e+01 
       9.965448338496e-01       7.037779550458e+01 
       1.200273633058e+00       4.573693876585e+01 
       1.501039964918e+00       2.699753406105e+01 
