# Matter power spectrum P(k) at redshift z=0
# for k=1.04769e-05 to 1.50104 h/Mpc,
# number of wavenumbers equal to 525
#    1:k (h/Mpc)              2:P (Mpc/h)^3        
       1.047691926673e-05       4.802373440574e+01 
       2.341195969144e-05       1.040072963607e+02 
       3.639282524205e-05       1.579526002361e+02 
       4.945473654097e-05       2.125944398682e+02 
       6.263350121712e-05       2.676012249509e+02 
       7.596583586913e-05       3.227187934213e+02 
       8.948969840081e-05       3.781920874708e+02 
       1.032446351835e-04       4.340074708453e+02 
       1.172721475338e-04       4.907876153864e+02 
       1.316160820285e-04       5.486185897129e+02 
       1.463230491844e-04       6.076598925131e+02 
       1.614428749642e-04       6.680914941731e+02 
       1.770290893801e-04       7.302438938424e+02 
       1.931394560741e-04       7.941893660067e+02 
       2.098365460572e-04       8.602698605403e+02 
       2.271883576509e-04       9.287230418474e+02 
       2.452689829160e-04       9.998041128771e+02 
       2.641593182404e-04       1.073845138339e+03 
       2.839478130117e-04       1.151141836804e+03 
       3.047312450610e-04       1.232095852291e+03 
       3.266155044503e-04       1.317013276768e+03 
       3.497163577526e-04       1.406382837675e+03 
       3.741601528615e-04       1.500602726225e+03 
       4.000844093178e-04       1.600196940723e+03 
       4.276382212021e-04       1.705643530487e+03 
       4.569823794406e-04       1.817513831699e+03 
       4.882890994007e-04       1.936387472034e+03 
       5.217412207200e-04       2.062869237806e+03 
       5.575307338581e-04       2.197585736831e+03 
       5.958564881904e-04       2.341171559351e+03 
       6.369209573755e-04       2.494249833465e+03 
       6.809259874632e-04       2.657420434344e+03 
       7.280675380726e-04       2.831240134121e+03 
       7.785295479921e-04       3.016185378376e+03 
       8.324772054196e-04       3.212651926729e+03 
       8.900500592742e-04       3.420891950424e+03 
       9.513555391333e-04       3.641047503352e+03 
       1.016463518805e-03       3.873071129869e+03 
       1.085402528892e-03       4.116755915431e+03 
       1.158158082529e-03       4.371731403702e+03 
       1.234673340766e-03       4.637459537733e+03 
       1.314852054488e-03       4.913258893174e+03 
       1.398563440701e-03       5.198303895550e+03 
       1.485648442292e-03       5.491727308636e+03 
       1.575926719562e-03       5.792568048691e+03 
       1.669203735000e-03       6.099881070770e+03 
       1.765277396890e-03       6.412681552571e+03 
       1.863943883486e-03       6.729991309280e+03 
       1.965002437130e-03       7.050910835326e+03 
       2.068259065932e-03       7.374580008177e+03 
       2.173529202328e-03       7.700167725732e+03 
       2.280639438925e-03       8.026929667292e+03 
       2.389428496898e-03       8.354181552430e+03 
       2.499747589710e-03       8.681354739339e+03 
       2.611460334570e-03       9.007842225807e+03 
       2.724442343867e-03       9.333181709908e+03 
       2.838580605082e-03       9.656939208044e+03 
       2.953772734075e-03       9.978734828795e+03 
       3.069926165532e-03       1.029821500533e+04 
       3.186957326544e-03       1.061508689580e+04 
       3.304790825059e-03       1.092910508817e+04 
       3.423358673943e-03       1.124002538711e+04 
       3.542599563180e-03       1.154770456376e+04 
       3.662458186809e-03       1.185190205716e+04 
       3.782884627033e-03       1.215253359397e+04 
       3.903833795138e-03       1.244944562876e+04 
       4.025264927028e-03       1.274254716992e+04 
       4.147141130114e-03       1.303178087841e+04 
       4.269428977703e-03       1.331699503531e+04 
       4.392098146795e-03       1.359822499495e+04 
       4.515121095213e-03       1.387537733054e+04 
       4.638472774103e-03       1.414839923426e+04 
       4.762130372125e-03       1.441732250767e+04 
       4.886073087878e-03       1.468205545075e+04 
       5.010281927456e-03       1.494258683831e+04 
       5.134739524298e-03       1.519900596565e+04 
       5.259429978799e-03       1.545129129676e+04 
       5.384338715414e-03       1.569936166782e+04 
       5.509452355258e-03       1.594330488726e+04 
       5.634758602397e-03       1.618314506716e+04 
       5.760246142280e-03       1.641880025199e+04 
       5.885904550900e-03       1.665044257798e+04 
       6.011724213466e-03       1.687794484624e+04 
       6.137696251509e-03       1.710140550819e+04 
       6.263812457458e-03       1.732085061534e+04 
       6.390065235866e-03       1.753627206212e+04 
       6.516447550522e-03       1.774769680388e+04 
       6.642952876822e-03       1.795521838168e+04 
       6.769575158811e-03       1.815881488955e+04 
       6.896308770390e-03       1.835852287660e+04 
       7.023148480245e-03       1.855439534244e+04 
       7.150089420099e-03       1.874650570775e+04 
       7.277127055941e-03       1.893477493691e+04 
       7.404257161913e-03       1.911831587236e+04 
       7.531475796594e-03       1.929916361532e+04 
       7.658779281424e-03       1.947632696749e+04 
       7.786164181060e-03       1.964984107192e+04 
       7.913627285467e-03       1.981976097277e+04 
       8.041165593574e-03       1.998613701640e+04 
       8.168776298345e-03       2.014897027536e+04 
       8.296456773121e-03       2.030837939485e+04 
       8.424204559120e-03       2.046430909904e+04 
       8.552017353978e-03       2.061684204441e+04 
       8.679893001241e-03       2.076599778204e+04 
       8.807829480714e-03       2.091176960583e+04 
       8.935824899592e-03       2.105430762129e+04 
       9.063877484302e-03       2.119363387333e+04 
       9.191985572989e-03       2.132964079770e+04 
       9.320147608601e-03       2.146241669896e+04 
       9.448362132496e-03       2.159206735867e+04 
       9.576627778560e-03       2.171854023736e+04 
       9.704943267760e-03       2.184200005076e+04 
       9.833307403116e-03       2.196238328574e+04 
       9.961719065048e-03       2.207976214435e+04 
       1.009017720707e-02       2.219423674524e+04 
       1.021868085181e-02       2.230572053689e+04 
       1.034722908729e-02       2.241426612200e+04 
       1.047582106353e-02       2.251990277569e+04 
       1.060445598936e-02       2.262260006684e+04 
       1.073313312945e-02       2.272265401491e+04 
       1.086185180159e-02       2.281985483947e+04 
       1.099061137415e-02       2.291430118984e+04 
       1.111941126371e-02       2.300600756994e+04 
       1.124825093283e-02       2.309496777768e+04 
       1.137712988805e-02       2.318158194414e+04 
       1.150604767800e-02       2.326527124360e+04 
       1.163500389156e-02       2.334635328553e+04 
       1.176399815629e-02       2.342487639196e+04 
       1.189303013686e-02       2.350083691128e+04 
       1.202209953367e-02       2.357429747571e+04 
       1.215120608147e-02       2.364527145941e+04 
       1.228034954816e-02       2.371376641385e+04 
       1.240952973366e-02       2.377982903199e+04 
       1.253874646883e-02       2.384349407111e+04 
       1.266799961449e-02       2.390479644697e+04 
       1.279728906050e-02       2.396378120619e+04 
       1.292661472492e-02       2.402054188087e+04 
       1.305597655323e-02       2.407501644630e+04 
       1.318537451758e-02       2.412718104433e+04 
       1.331480861614e-02       2.417486623546e+04 
       1.344427887247e-02       2.422240931829e+04 
       1.357378533497e-02       2.426787339124e+04 
       1.370332807633e-02       2.431118265107e+04 
       1.383290719305e-02       2.435187994826e+04 
       1.396252280503e-02       2.439096301697e+04 
       1.409217505513e-02       2.442795394351e+04 
       1.422186410886e-02       2.446384514866e+04 
       1.435159015400e-02       2.449711017780e+04 
       1.448135340035e-02       2.452801632284e+04 
       1.461115407942e-02       2.455782691419e+04 
       1.474099244427e-02       2.458499131189e+04 
       1.487086876923e-02       2.461002963022e+04 
       1.500078334980e-02       2.463253877986e+04 
       1.513073650245e-02       2.465372155993e+04 
       1.526072856451e-02       2.467435778131e+04 
       1.539075989412e-02       2.469179427853e+04 
       1.552083087009e-02       2.470840821936e+04 
       1.565094189189e-02       2.471933734766e+04 
       1.578109337963e-02       2.473161641462e+04 
       1.591128577403e-02       2.474205079473e+04 
       1.604151953645e-02       2.475079749540e+04 
       1.617179514894e-02       2.475784600145e+04 
       1.630211311427e-02       2.476322165193e+04 
       1.643247395602e-02       2.476716337856e+04 
       1.656287821868e-02       2.476944718703e+04 
       1.669332646773e-02       2.477305825263e+04 
       1.682381928984e-02       2.477199498520e+04 
       1.695435729293e-02       2.476933374403e+04 
       1.708494110642e-02       2.476541258235e+04 
       1.721557138137e-02       2.475981694130e+04 
       1.734624879067e-02       2.475350542034e+04 
       1.747697402930e-02       2.474491679280e+04 
       1.760774781453e-02       2.473499983130e+04 
       1.773857088619e-02       2.472360393723e+04 
       1.786944400693e-02       2.471082228532e+04 
       1.800036796251e-02       2.469670797672e+04 
       1.813134356210e-02       2.468115289897e+04 
       1.826237163860e-02       2.466425376761e+04 
       1.839345304898e-02       2.464608270398e+04 
       1.852458867462e-02       2.462654470369e+04 
       1.865577942168e-02       2.460578844244e+04 
       1.878702622150e-02       2.458328421677e+04 
       1.891833003099e-02       2.455992768599e+04 
       1.904969183306e-02       2.453523385305e+04 
       1.918111263705e-02       2.450935125706e+04 
       1.931259347918e-02       2.448219826888e+04 
       1.944413542303e-02       2.445270621003e+04 
       1.957573956004e-02       2.442369249660e+04 
       1.970740701000e-02       2.439329928664e+04 
       1.983913892160e-02       2.436172912339e+04 
       1.997093647295e-02       2.433056052849e+04 
       2.010280087219e-02       2.429690880672e+04 
       2.023473335801e-02       2.426216992457e+04 
       2.036673520032e-02       2.422637509842e+04 
       2.049880770086e-02       2.418930108591e+04 
       2.063095219382e-02       2.415200186225e+04 
       2.076317004654e-02       2.411340646044e+04 
       2.089546266019e-02       2.407382588935e+04 
       2.102783147050e-02       2.403082448875e+04 
       2.116027794845e-02       2.399056835964e+04 
       2.129280360111e-02       2.394804537131e+04 
       2.142540997234e-02       2.390455420086e+04 
       2.155809864366e-02       2.386013399356e+04 
       2.169087123507e-02       2.381387374156e+04 
       2.182372940589e-02       2.376760747133e+04 
       2.195667485569e-02       2.372176782870e+04 
       2.208970932518e-02       2.367328759063e+04 
       2.222283459716e-02       2.362542990847e+04 
       2.235605249748e-02       2.357486244607e+04 
       2.248936489611e-02       2.352478701420e+04 
       2.262277370808e-02       2.347396618862e+04 
       2.275628089463e-02       2.342231929757e+04 
       2.288988846430e-02       2.336961126411e+04 
       2.302359847402e-02       2.331684095425e+04 
       2.315741303034e-02       2.326303639710e+04 
       2.329133429061e-02       2.320849464569e+04 
       2.342536446425e-02       2.315327359024e+04 
       2.355950581401e-02       2.309737636360e+04 
       2.369376065732e-02       2.304214969440e+04 
       2.382813136766e-02       2.298479947182e+04 
       2.396262037596e-02       2.292680520840e+04 
       2.409723017208e-02       2.286818532059e+04 
       2.423196330628e-02       2.280910920664e+04 
       2.436682239084e-02       2.274948235709e+04 
       2.450181010158e-02       2.268931953730e+04 
       2.463692917958e-02       2.262861130155e+04 
       2.477218243289e-02       2.256740795615e+04 
       2.490757273823e-02       2.250568436921e+04 
       2.504310304290e-02       2.244346812948e+04 
       2.517877636659e-02       2.238077801589e+04 
       2.531459580339e-02       2.231784915101e+04 
       2.545056452376e-02       2.225437538813e+04 
       2.558668577660e-02       2.218977339661e+04 
       2.572296289143e-02       2.212517858750e+04 
       2.585939928062e-02       2.206016126268e+04 
       2.599599844162e-02       2.199472623312e+04 
       2.613276395941e-02       2.192878936182e+04 
       2.626969950891e-02       2.186265793656e+04 
       2.640680885754e-02       2.179602278993e+04 
       2.654409586786e-02       2.172899091233e+04 
       2.668156450025e-02       2.166162792732e+04 
       2.681921881578e-02       2.159349499592e+04 
       2.695706297909e-02       2.152498264781e+04 
       2.709510126144e-02       2.145690855503e+04 
       2.723333804382e-02       2.138800531081e+04 
       2.737177782019e-02       2.131884582034e+04 
       2.751042520089e-02       2.124888176613e+04 
       2.764928491605e-02       2.117841711372e+04 
       2.778836181928e-02       2.110943305365e+04 
       2.792766089137e-02       2.103924086145e+04 
       2.806718724419e-02       2.096878683841e+04 
       2.820694612475e-02       2.089835561705e+04 
       2.834694291936e-02       2.082738661082e+04 
       2.848718315800e-02       2.075625092961e+04 
       2.862767251884e-02       2.068439481652e+04 
       2.876841683293e-02       2.061336165419e+04 
       2.890942208906e-02       2.054173587681e+04 
       2.905069443889e-02       2.046920718939e+04 
       2.919224020214e-02       2.039655934673e+04 
       2.933406587217e-02       2.032408083266e+04 
       2.947617812160e-02       2.025148628087e+04 
       2.961858380832e-02       2.017869298482e+04 
       2.976128998162e-02       2.010577232317e+04 
       2.990430388870e-02       2.003232107557e+04 
       3.004763298130e-02       1.995898680047e+04 
       3.019128492275e-02       1.988611973766e+04 
       3.033526759526e-02       1.981220701134e+04 
       3.047958910748e-02       1.973910983122e+04 
       3.062425780250e-02       1.966483763099e+04 
       3.076928226607e-02       1.959109337360e+04 
       3.091467133527e-02       1.951748090189e+04 
       3.106043410755e-02       1.944354342939e+04 
       3.120657995014e-02       1.936946488534e+04 
       3.135311850992e-02       1.929531678610e+04 
       3.150005972372e-02       1.922106394986e+04 
       3.164741382913e-02       1.914670894132e+04 
       3.179519137574e-02       1.907225506711e+04 
       3.194340323700e-02       1.899777268456e+04 
       3.209206062257e-02       1.892384179945e+04 
       3.224117509128e-02       1.884903545273e+04 
       3.239075856472e-02       1.877366646811e+04 
       3.254082334154e-02       1.869948910233e+04 
       3.269138211233e-02       1.862470701624e+04 
       3.284244797535e-02       1.854993088805e+04 
       3.299403445306e-02       1.847514485396e+04 
       3.314615550935e-02       1.840035265272e+04 
       3.329882556783e-02       1.832556621002e+04 
       3.345205953094e-02       1.825030420182e+04 
       3.360587280010e-02       1.817550242488e+04 
       3.376028129694e-02       1.810058977405e+04 
       3.391530148562e-02       1.802633800422e+04 
       3.407095039644e-02       1.795154846416e+04 
       3.422724565061e-02       1.787675026179e+04 
       3.438420548648e-02       1.780195685134e+04 
       3.454184878722e-02       1.772719376897e+04 
       3.470019511003e-02       1.765245780309e+04 
       3.485926471702e-02       1.757772020128e+04 
       3.501907860789e-02       1.750274646100e+04 
       3.517965855450e-02       1.742803631057e+04 
       3.534102713746e-02       1.735332172173e+04 
       3.550320778496e-02       1.727866931487e+04 
       3.566622481384e-02       1.720393358916e+04 
       3.583010347328e-02       1.712890668396e+04 
       3.599486999111e-02       1.705467724362e+04 
       3.616055162306e-02       1.698020253843e+04 
       3.632717670509e-02       1.690574838140e+04 
       3.649477470912e-02       1.683095145589e+04 
       3.666337630232e-02       1.675652992822e+04 
       3.683301341034e-02       1.668221532544e+04 
       3.700371928474e-02       1.660795699375e+04 
       3.717552857495e-02       1.653389784422e+04 
       3.734847740515e-02       1.646005513210e+04 
       3.752260345652e-02       1.638591540004e+04 
       3.769794605517e-02       1.631139066544e+04 
       3.787454626639e-02       1.623710528411e+04 
       3.805244699572e-02       1.616258780761e+04 
       3.823169309731e-02       1.608882102302e+04 
       3.841233149042e-02       1.601426755389e+04 
       3.859441128463e-02       1.594017793603e+04 
       3.877798391463e-02       1.586609705347e+04 
       3.896310328543e-02       1.579278013281e+04 
       3.914982592901e-02       1.571885056198e+04 
       3.933821117342e-02       1.564431476228e+04 
       3.952832132571e-02       1.557057351780e+04 
       3.972022186973e-02       1.549679120544e+04 
       3.991398168067e-02       1.542311796212e+04 
       4.010967325765e-02       1.534925935904e+04 
       4.030737297655e-02       1.527541890526e+04 
       4.050716136489e-02       1.520155847453e+04 
       4.070912340138e-02       1.512766504346e+04 
       4.091334884255e-02       1.505368502819e+04 
       4.111993257965e-02       1.497962454341e+04 
       4.132897502901e-02       1.490561851061e+04 
       4.154058255977e-02       1.483148962113e+04 
       4.175486796333e-02       1.475735010296e+04 
       4.197195096932e-02       1.468323968413e+04 
       4.219195881372e-02       1.460901199241e+04 
       4.241502686554e-02       1.453472329108e+04 
       4.264129931930e-02       1.446046210209e+04 
       4.287092996166e-02       1.438602446336e+04 
       4.310408302182e-02       1.431145842587e+04 
       4.334093411674e-02       1.423722656433e+04 
       4.358167130388e-02       1.416200806633e+04 
       4.382649625638e-02       1.408747774196e+04 
       4.407562557775e-02       1.401196075290e+04 
       4.432929227608e-02       1.393667431775e+04 
       4.458774742116e-02       1.386121046766e+04 
       4.485126201199e-02       1.378559498862e+04 
       4.512012908669e-02       1.370975173094e+04 
       4.539466611295e-02       1.363354089120e+04 
       4.567521770395e-02       1.355708714346e+04 
       4.596215871311e-02       1.348036268765e+04 
       4.625589777133e-02       1.340316257654e+04 
       4.655688134301e-02       1.332551562603e+04 
       4.686559839221e-02       1.324722740233e+04 
       4.718258576945e-02       1.316971279330e+04 
       4.750843445272e-02       1.309102503201e+04 
       4.784379680528e-02       1.301181297161e+04 
       4.818939504870e-02       1.293206298896e+04 
       4.854603119467e-02       1.285150660455e+04 
       4.891459873538e-02       1.277056481679e+04 
       4.929609646355e-02       1.268900331018e+04 
       4.969164488313e-02       1.260565148659e+04 
       5.010250578601e-02       1.252272387703e+04 
       5.053010571503e-02       1.243830266576e+04 
       5.097606421919e-02       1.235278337209e+04 
       5.144222804274e-02       1.226537420413e+04 
       5.193071269010e-02       1.217720276992e+04 
       5.244395318928e-02       1.208815907032e+04 
       5.298476635354e-02       1.199697453805e+04 
       5.355642742969e-02       1.190325815690e+04 
       5.416276472532e-02       1.180797233401e+04 
       5.480827660324e-02       1.171001116879e+04 
       5.549827603123e-02       1.160904887172e+04 
       5.623906845809e-02       1.150450719076e+04 
       5.703816865455e-02       1.139576085772e+04 
       5.790456028166e-02       1.128190677735e+04 
       5.884899630436e-02       1.116194544496e+04 
       5.988432518580e-02       1.103403206151e+04 
       6.102580056088e-02       1.089641118010e+04 
       6.229128085890e-02       1.074631667399e+04 
       6.370113875783e-02       1.058052263245e+04 
       6.527757660744e-02       1.039372336985e+04 
       6.704292263544e-02       1.018040329638e+04 
       6.901650341625e-02       9.933055904466e+03 
       7.121012295984e-02       9.645026143488e+03 
       7.362324371868e-02       9.310848670116e+03 
       7.624022272362e-02       8.928028144617e+03 
       7.903194124989e-02       8.501991876789e+03 
       8.196181963749e-02       8.042891500977e+03 
       8.499324963637e-02       7.567522045360e+03 
       8.809500534237e-02       7.094234001306e+03 
       9.124333654661e-02       6.641149462428e+03 
       9.442156583869e-02       6.223144236949e+03 
       9.761859366953e-02       5.850161979806e+03 
       1.008272856925e-01       5.528537377688e+03 
       1.040431563776e-01       5.257405470584e+03 
       1.072634240687e-01       5.035078107828e+03 
       1.104863782354e-01       4.854340087469e+03 
       1.137109723566e-01       4.707364608087e+03 
       1.169365680654e-01       4.584777908708e+03 
       1.201627765986e-01       4.476541194719e+03 
       1.233893613686e-01       4.373389907271e+03 
       1.266161783980e-01       4.268023824342e+03 
       1.298431400134e-01       4.153720919335e+03 
       1.330701927569e-01       4.027306867562e+03 
       1.362973039611e-01       3.887634809129e+03 
       1.395244535955e-01       3.736973828503e+03 
       1.427516293145e-01       3.578051953130e+03 
       1.459788234517e-01       3.415051351963e+03 
       1.492060311933e-01       3.253153517322e+03 
       1.524332494701e-01       3.097435628001e+03 
       1.556604762822e-01       2.951574513159e+03 
       1.588877102898e-01       2.819256796932e+03 
       1.621149505632e-01       2.701905053330e+03 
       1.653421964299e-01       2.600474166694e+03 
       1.685694473820e-01       2.514474728985e+03 
       1.717967030184e-01       2.442028539435e+03 
       1.750239630096e-01       2.381304937891e+03 
       1.782512270756e-01       2.329134920001e+03 
       1.814784949719e-01       2.283128805895e+03 
       1.847057664808e-01       2.239998362200e+03 
       1.879330414051e-01       2.197250614464e+03 
       1.911603195648e-01       2.152661764109e+03 
       1.943876007940e-01       2.104340366968e+03 
       1.976148849389e-01       2.051708727686e+03 
       2.008421718568e-01       1.994615921380e+03 
       2.040694614141e-01       1.933875244283e+03 
       2.072967534861e-01       1.870800056304e+03 
       2.105240479562e-01       1.806889506717e+03 
       2.137513447146e-01       1.743706692566e+03 
       2.169786436584e-01       1.682892182576e+03 
       2.202059446908e-01       1.625469638770e+03 
       2.234332477205e-01       1.572300798842e+03 
       2.266605526617e-01       1.524061170043e+03 
       2.298878594332e-01       1.480722035624e+03 
       2.331151679585e-01       1.442382993116e+03 
       2.363424781652e-01       1.408672495369e+03 
       2.395697899850e-01       1.378652788954e+03 
       2.427971033531e-01       1.351827485163e+03 
       2.460244182081e-01       1.327030369057e+03 
       2.492517344920e-01       1.303349080894e+03 
       2.524790521495e-01       1.279939975431e+03 
       2.557063711285e-01       1.256111812931e+03 
       2.589336913791e-01       1.231392216525e+03 
       2.621610128540e-01       1.205742342303e+03 
       2.653883355084e-01       1.178862885669e+03 
       2.686156592995e-01       1.150906721765e+03 
       2.718429841866e-01       1.122389504344e+03 
       2.750703101309e-01       1.093603881609e+03 
       2.782976370953e-01       1.064855263769e+03 
       2.815249650446e-01       1.036867660687e+03 
       2.847522939451e-01       1.009975907107e+03 
       2.879796237647e-01       9.845852948341e+02 
       2.912069544726e-01       9.608894933971e+02 
       2.944342860394e-01       9.390847201357e+02 
       2.976616184372e-01       9.189958972023e+02 
       3.008889516389e-01       9.004967301513e+02 
       3.041162856189e-01       8.833789932126e+02 
       3.073436203525e-01       8.673722128085e+02 
       3.105709558161e-01       8.522784208882e+02 
       3.137982919871e-01       8.377739485570e+02 
       3.170256288437e-01       8.236270524294e+02 
       3.202529663652e-01       8.095236785294e+02 
       3.234803045314e-01       7.953052909798e+02 
       3.267076433233e-01       7.809089206718e+02 
       3.299349827223e-01       7.662760450922e+02 
       3.331623227108e-01       7.514253915710e+02 
       3.363896632717e-01       7.364562487310e+02 
       3.396170043886e-01       7.214945224602e+02 
       3.428443460457e-01       7.066996676738e+02 
       3.460716882278e-01       6.921871198126e+02 
       3.492990309204e-01       6.781551237609e+02 
       3.525263741093e-01       6.645088657520e+02 
       3.557537177809e-01       6.514764134694e+02 
       3.589810619223e-01       6.391212329560e+02 
       3.622084065207e-01       6.274032108775e+02 
       3.654357515641e-01       6.163186917588e+02 
       3.686630970406e-01       6.058146099736e+02 
       3.718904429390e-01       5.957866911096e+02 
       3.751177892483e-01       5.861982008176e+02 
       3.783451359579e-01       5.768885835083e+02 
       3.815724830577e-01       5.678041868810e+02 
       3.847998305378e-01       5.588264751630e+02 
       3.880271783887e-01       5.499191325218e+02 
       3.912545266012e-01       5.411068753849e+02 
       3.944818751662e-01       5.323296128334e+02 
       3.977092240754e-01       5.235747654776e+02 
       4.009365733202e-01       5.148500023704e+02 
       4.041639228926e-01       5.061904038294e+02 
       4.073912727848e-01       4.976114699908e+02 
       4.106186229892e-01       4.892193105895e+02 
       4.138459734985e-01       4.809923611532e+02 
       4.170733243057e-01       4.729607550979e+02 
       4.203006754037e-01       4.651937645372e+02 
       4.235280267859e-01       4.576636741925e+02 
       4.267553784459e-01       4.503856825916e+02 
       4.299827303774e-01       4.433489272771e+02 
       4.332100825743e-01       4.365415297007e+02 
       4.364374350306e-01       4.299543690044e+02 
       4.396647877407e-01       4.235709411556e+02 
       4.428921406989e-01       4.174052792417e+02 
       4.461194939000e-01       4.113247473862e+02 
       4.493468473385e-01       4.054429094327e+02 
       4.525742010095e-01       3.996253504774e+02 
       4.558015549079e-01       3.938972688961e+02 
       4.590289090290e-01       3.882413538614e+02 
       4.622562633681e-01       3.826467088841e+02 
       4.654836179205e-01       3.771173036181e+02 
       4.687109726820e-01       3.716558008965e+02 
       4.719383276482e-01       3.662675770360e+02 
       4.904434693843e-01       3.371106226123e+02 
       5.102894399848e-01       3.100323095919e+02 
       5.317300643743e-01       2.842920746257e+02 
       5.551054699423e-01       2.590295995396e+02 
       5.808850864488e-01       2.349094655894e+02 
       6.097401982607e-01       2.114943226663e+02 
       6.426730580910e-01       1.885059101627e+02 
       6.812615443443e-01       1.658349022007e+02 
       7.281578139558e-01       1.430991338118e+02 
       7.881886230843e-01       1.198983975136e+02 
       8.709449433079e-01       9.572686669930e+01 
       9.965448338496e-01       7.039256812735e+01 
       1.200273633058e+00       4.574981896775e+01 
       1.501039964918e+00       2.700842616493e+01 
