#        weight    minuslogpost            logA             n_s              H0         omega_b       omega_cdm        tau_reio          beta_s           a_tSZ           a_kSZ             a_p          beta_p             a_c          beta_c             a_s           a_gtt              xi       alpha_tSZ           a_gte          a_pste           a_gee          a_psee        A_planck bandint_shift_dr6_pa4_f220 bandint_shift_dr6_pa5_f090 bandint_shift_dr6_pa5_f150 bandint_shift_dr6_pa6_f090 bandint_shift_dr6_pa6_f150        calG_all calE_dr6_pa5_f090 calE_dr6_pa5_f150 calE_dr6_pa6_f090 calE_dr6_pa6_f150 cal_dr6_pa4_f220 cal_dr6_pa5_f090 cal_dr6_pa5_f150 cal_dr6_pa6_f090 cal_dr6_pa6_f150             A_s         Omega_m          sigma8              S8         rs_drag       chi2__BAO       chi2__CMB        chi2__SN   minuslogprior minuslogprior__0            chi2 chi2__planck_2018_lowl.TT chi2__planck_2018_lowl.EE chi2__planck_2018_lensing.clik chi2__act_dr6_mflike.ACTDR6MFLike chi2__bao.sixdf_2011_bao chi2__bao.sdss_dr7_mgs chi2__bao.sdss_dr12_consensus_bao chi2__likelihoods.desi_y1_bao.DESI_Y1_BAO chi2__sn.pantheonplus
              2       7032.3912       3.0421362      0.95975209       69.712526     0.021980078      0.11678726     0.051417678      -3.5985562       2.1662773       3.3165803       6.5761497       2.4328389       8.6189821       3.3630206        1.157802      0.75850458    0.0017957133      -2.0113289        8.946292    -0.095963619       4.5283037      0.01105877      0.99803034                 -19.184407                -0.19538426                 -2.0717074                  2.6635907                 0.49172341       1.0155379        0.99513956         1.0659029         1.0090721         1.0693398       0.98766309        1.0056357       0.99679777        1.0038091       0.99956021   2.0949948e-09      0.28553527      0.75477752      0.73635664       147.61078        9.462591       429.60242       1409.7103       17.765869        17.765869       14029.251                 19.432791                 395.49143                      14.678202                         12166.831               0.24256663              3.3825695                         5.8374548                                 13.644342             1409.7103
              1        7032.394       3.0421362      0.95975209       69.712526     0.021980078      0.11678726     0.051417678      -3.5985562       2.1662773       3.3165803       6.5761497       2.4328389       8.6189821       3.3630206        1.157802      0.75850458    0.0017957133      -2.0113289        8.946292    -0.095963619       4.5283037      0.01105877      0.99805482                 -19.184407                -0.19538426                 -2.0717074                  2.6635907                 0.49172341       1.0155379        0.99513956         1.0659029         1.0090721         1.0693398       0.98766309        1.0056357       0.99679777        1.0038091       0.99956021   2.0949948e-09      0.28553527      0.75477752      0.73635664       147.61078        9.462591       429.62337       1409.7103       17.758203        17.758203       14029.272                 19.431998                 395.49143                      14.699943                         12166.831               0.24256663              3.3825695                         5.8374548                                 13.644342             1409.7103
              1       7018.1785       3.0421362      0.95975209       69.712526     0.021980078      0.11678726     0.051417678       -3.585504       2.1631332       3.3083455       6.5729517       2.4306411       8.6136042       3.3623561       1.1579031      0.75157892    0.0003416159       -2.002481       8.9455496    -0.090813105       4.5282333    0.0056559538      0.99805482                 -18.929251                -0.16662215                 -2.1368865                  2.6080024                 0.46324797       1.0156586        0.99526093         1.0681566         1.0086614         1.0683917        0.9872731        1.0055674       0.99666634        1.0038768       0.99955486   2.0949948e-09      0.28553527      0.75477752      0.73635664       147.61078        9.462591       429.62337       1409.7103       17.622802        17.622802       14001.111                 19.431998                 395.49143                      14.699943                         12138.671               0.24256663              3.3825695                         5.8374548                                 13.644342             1409.7103
              1       7017.7552       3.0421362      0.95975209       69.712526     0.021980078      0.11678726     0.051417678       -3.585504       2.1631332       3.3083455       6.5729517       2.4306411       8.6136042       3.3623561       1.1579031      0.75157892    0.0003416159       -2.002481       8.9455496    -0.090813105       4.5282333    0.0056559538      0.99805482                 -18.929251                -0.16662215                 -2.1368865                  2.6080024                 0.46324797        1.016068        0.99587893         1.0655878         1.0105073          1.066542       0.98940632         1.005514       0.99656602        1.0040894       0.99941162   2.0949948e-09      0.28553527      0.75477752      0.73635664       147.61078        9.462591       429.62337       1409.7103        18.44085         18.44085       13998.629                 19.431998                 395.49143                      14.699943                         12136.188               0.24256663              3.3825695                         5.8374548                                 13.644342             1409.7103
              3       7017.9558       3.0421362      0.95975209       69.712526     0.021980078      0.11678726     0.051417678       -3.585504       2.1631332       3.3083455       6.5729517       2.4306411       8.6136042       3.3623561       1.1579031      0.75157892    0.0003416159       -2.002481       8.9455496    -0.090813105       4.5282333    0.0056559538      0.99805482                 -18.929251                -0.16662215                 -2.1368865                  2.6080024                 0.46324797       1.0164489        0.99729539         1.0658762         1.0103149         1.0653079       0.98705303        1.0049439       0.99671559        1.0039007       0.99951641   2.0949948e-09      0.28553527      0.75477752      0.73635664       147.61078        9.462591       429.62337       1409.7103       17.760256        17.760256       14000.391                 19.431998                 395.49143                      14.699943                         12137.951               0.24256663              3.3825695                         5.8374548                                 13.644342             1409.7103
              3       7017.9355       3.0421362      0.95975209       69.712526     0.021980078      0.11678726     0.051417678       -3.585504       2.1631332       3.3083455       6.5729517       2.4306411       8.6136042       3.3623561       1.1579031      0.75157892    0.0003416159       -2.002481       8.9455496    -0.090813105       4.5282333    0.0056559538      0.99805482                 -18.929251                -0.16662215                 -2.1368865                  2.6080024                 0.46324797       1.0164087        0.99818112         1.0660373         1.0101103         1.0653747       0.98721593        1.0048858       0.99667941        1.0039271       0.99945857   2.0949948e-09      0.28553527      0.75477752      0.73635664       147.61078        9.462591       429.62337       1409.7103       17.629794        17.629794       14000.611                 19.431998                 395.49143                      14.699943                         12138.171               0.24256663              3.3825695                         5.8374548                                 13.644342             1409.7103
              2       7017.9576       3.0421362      0.95975209       69.712526     0.021980078      0.11678726     0.051417678       -3.585504       2.1631332       3.3083455       6.5729517       2.4306411       8.6136042       3.3623561       1.1579031      0.75157892    0.0003416159       -2.002481       8.9455496    -0.090813105       4.5282333    0.0056559538      0.99822118                 -18.929251                -0.16662215                 -2.1368865                  2.6080024                 0.46324797       1.0164087        0.99818112         1.0660373         1.0101103         1.0653747       0.98721593        1.0048858       0.99667941        1.0039271       0.99945857   2.0949948e-09      0.28553527      0.75477752      0.73635664       147.61078        9.462591       429.76673       1409.7103       17.580233        17.580233       14000.755                 19.426653                 395.49143                      14.848652                         12138.171               0.24256663              3.3825695                         5.8374548                                 13.644342             1409.7103
              1       7018.9945       3.0421362      0.95975209       69.712526     0.021980078      0.11678726     0.051417678       -3.585504       2.1631332       3.3083455       6.5729517       2.4306411       8.6136042       3.3623561       1.1579031      0.75157892    0.0003416159       -2.002481       8.9455496    -0.090813105       4.5282333    0.0056559538      0.99822118                 -18.929251                -0.16662215                 -2.1368865                  2.6080024                 0.46324797        1.016799        0.99771818         1.0653398         1.0093444         1.0674995       0.98612718        1.0042815       0.99656592        1.0039602       0.99898303   2.0949948e-09      0.28553527      0.75477752      0.73635664       147.61078        9.462591       429.76673       1409.7103       17.504681        17.504681        14002.98                 19.426653                 395.49143                      14.848652                         12140.396               0.24256663              3.3825695                         5.8374548                                 13.644342             1409.7103
              3       7019.4256       3.0421362      0.95975209       69.712526     0.021980078      0.11678726     0.051417678       -3.585504       2.1631332       3.3083455       6.5729517       2.4306411       8.6136042       3.3623561       1.1579031      0.75157892    0.0003416159       -2.002481       8.9455496    -0.090813105       4.5282333    0.0056559538      0.99971174                 -18.929251                -0.16662215                 -2.1368865                  2.6080024                 0.46324797        1.016799        0.99771818         1.0653398         1.0093444         1.0674995       0.98612718        1.0042815       0.99656592        1.0039602       0.99898303   2.0949948e-09      0.28553527      0.75477752      0.73635664       147.61078        9.462591       431.12179       1409.7103       17.258192        17.258192       14004.335                 19.382669                 395.48429                      16.254829                         12140.396               0.24256663              3.3825695                         5.8374548                                 13.644342             1409.7103
              1        7019.744       3.0421362      0.95975209       69.712526     0.021980078      0.11678726     0.051417678       -3.585504       2.1631332       3.3083455       6.5729517       2.4306411       8.6136042       3.3623561       1.1579031      0.75157892    0.0003416159       -2.002481       8.9455496    -0.090813105       4.5282333    0.0056559538      0.99971174                 -18.929251                -0.16662215                 -2.1368865                  2.6080024                 0.46324797       1.0170655        0.99970002         1.0655221         1.0091395         1.0659675       0.98832503        1.0046008       0.99651843        1.0038785       0.99914809   2.0949948e-09      0.28553527      0.75477752      0.73635664       147.61078        9.462591       431.12179       1409.7103       18.062979        18.062979       14003.362                 19.382669                 395.48429                      16.254829                         12139.423               0.24256663              3.3825695                         5.8374548                                 13.644342             1409.7103
              1       7019.7809       3.0421362      0.95975209       69.712526     0.021980078      0.11678726     0.051417678       -3.585504       2.1631332       3.3083455       6.5729517       2.4306411       8.6136042       3.3623561       1.1579031      0.75157892    0.0003416159       -2.002481       8.9455496    -0.090813105       4.5282333    0.0056559538      0.99980524                 -18.929251                -0.16662215                 -2.1368865                  2.6080024                 0.46324797       1.0170655        0.99970002         1.0655221         1.0091395         1.0659675       0.98832503        1.0046008       0.99651843        1.0038785       0.99914809   2.0949948e-09      0.28553527      0.75477752      0.73635664       147.61078        9.462591       431.20297       1409.7103       18.059366        18.059366       14003.443                 19.380168                 395.47537                      16.347434                         12139.423               0.24256663              3.3825695                         5.8374548                                 13.644342             1409.7103
              1       7019.7591       3.0421362      0.95975209       69.712526     0.021980078      0.11678726     0.051417678       -3.585504       2.1631332       3.3083455       6.5729517       2.4306411       8.6136042       3.3623561       1.1579031      0.75157892    0.0003416159       -2.002481       8.9455496    -0.090813105       4.5282333    0.0056559538      0.99980524                 -18.929251                -0.16662215                 -2.1368865                  2.6080024                 0.46324797       1.0168018        0.99920761         1.0665824         1.0080158         1.0650556       0.98603296        1.0048471       0.99663998        1.0037867        0.9991676   2.0949948e-09      0.28553527      0.75477752      0.73635664       147.61078        9.462591       431.20297       1409.7103        17.97605         17.97605       14003.566                 19.380168                 395.47537                      16.347434                         12139.546               0.24256663              3.3825695                         5.8374548                                 13.644342             1409.7103
              4        7020.544       3.0421362      0.95975209       69.712526     0.021980078      0.11678726     0.051417678       -3.585504       2.1631332       3.3083455       6.5729517       2.4306411       8.6136042       3.3623561       1.1579031      0.75157892    0.0003416159       -2.002481       8.9455496    -0.090813105       4.5282333    0.0056559538      0.99980524                 -18.929251                -0.16662215                 -2.1368865                  2.6080024                 0.46324797       1.0165989        0.99964375         1.0657252         1.0060133          1.065657       0.98563808        1.0049055       0.99664316        1.0038357       0.99917799   2.0949948e-09      0.28553527      0.75477752      0.73635664       147.61078        9.462591       431.20297       1409.7103       17.797371        17.797371       14005.493                 19.380168                 395.47537                      16.347434                         12141.473               0.24256663              3.3825695                         5.8374548                                 13.644342             1409.7103
              2       6975.0643       3.0421362      0.95975209       69.712526     0.021980078      0.11678726     0.051417678      -3.5806498       2.1588419        3.297697       6.5831053        2.422621        8.568433       3.3699462       1.1601587      0.76164588   0.00013155119      -2.0013677       8.9433055     -0.11121001       4.5284133    0.0039681471      0.99980524                 -19.664451                0.033775329                 -2.3662755                    2.54491                 0.44522996       1.0165989        0.99964375         1.0657252         1.0060133          1.065657       0.98563808        1.0049055       0.99664316        1.0038357       0.99917799   2.0949948e-09      0.28553527      0.75477752      0.73635664       147.61078        9.462591       431.20297       1409.7103       19.064705        19.064705       13911.999                 19.380168                 395.47537                      16.347434                         12047.979               0.24256663              3.3825695                         5.8374548                                 13.644342             1409.7103
              1       6974.5562       3.0421362      0.95975209       69.712526     0.021980078      0.11678726     0.051417678      -3.5806498       2.1588419        3.297697       6.5831053        2.422621        8.568433       3.3699462       1.1601587      0.76164588   0.00013155119      -2.0013677       8.9433055     -0.11121001       4.5284133    0.0039681471      0.99787459                 -19.664451                0.033775329                 -2.3662755                    2.54491                 0.44522996       1.0165989        0.99964375         1.0657252         1.0060133          1.065657       0.98563808        1.0049055       0.99664316        1.0038357       0.99917799   2.0949948e-09      0.28553527      0.75477752      0.73635664       147.61078        9.462591       429.47002       1409.7103        19.42306         19.42306       13910.266                 19.437882                 395.49143                      14.540711                         12047.979               0.24256663              3.3825695                         5.8374548                                 13.644342             1409.7103
              1       6974.7647       3.0421362      0.95975209       69.712526     0.021980078      0.11678726     0.051417678      -3.5806498       2.1588419        3.297697       6.5831053        2.422621        8.568433       3.3699462       1.1601587      0.76164588   0.00013155119      -2.0013677       8.9433055     -0.11121001       4.5284133    0.0039681471      0.99895324                 -19.664451                0.033775329                 -2.3662755                    2.54491                 0.44522996       1.0165989        0.99964375         1.0657252         1.0060133          1.065657       0.98563808        1.0049055       0.99664316        1.0038357       0.99917799   2.0949948e-09      0.28553527      0.75477752      0.73635664       147.61078        9.462591       430.43465       1409.7103       19.149326        19.149326       13911.231                 19.404138                 395.50778                      15.522738                         12047.979               0.24256663              3.3825695                         5.8374548                                 13.644342             1409.7103
              4       6975.9332       3.0421362      0.95975209       69.712526     0.021980078      0.11678726     0.051417678      -3.5806498       2.1588419        3.297697       6.5831053        2.422621        8.568433       3.3699462       1.1601587      0.76164588   0.00013155119      -2.0013677       8.9433055     -0.11121001       4.5284133    0.0039681471      0.99895324                 -19.664451                0.033775329                 -2.3662755                    2.54491                 0.44522996        1.016578        0.99908657         1.0660104         1.0051653         1.0657255       0.98693815        1.0047817       0.99653847        1.0038244       0.99936969   2.0949948e-09      0.28553527      0.75477752      0.73635664       147.61078        9.462591       430.43465       1409.7103       18.822809        18.822809       13914.221                 19.404138                 395.50778                      15.522738                         12050.969               0.24256663              3.3825695                         5.8374548                                 13.644342             1409.7103
              2       6975.1313       3.0421362      0.95975209       69.712526     0.021980078      0.11678726     0.051417678      -3.5806498       2.1588419        3.297697       6.5831053        2.422621        8.568433       3.3699462       1.1601587      0.76164588   0.00013155119      -2.0013677       8.9433055     -0.11121001       4.5284133    0.0039681471      0.99895324                 -19.664451                0.033775329                 -2.3662755                    2.54491                 0.44522996       1.0164682        0.99850418         1.0673369         1.0061224         1.0657868       0.98683017        1.0049091        0.9966639        1.0037425       0.99916276   2.0949948e-09      0.28553527      0.75477752      0.73635664       147.61078        9.462591       430.43465       1409.7103       18.694858        18.694858       13912.873                 19.404138                 395.50778                      15.522738                         12049.621               0.24256663              3.3825695                         5.8374548                                 13.644342             1409.7103
              1       6974.9664       3.0421362      0.95975209       69.712526     0.021980078      0.11678726     0.051417678      -3.5806498       2.1588419        3.297697       6.5831053        2.422621        8.568433       3.3699462       1.1601587      0.76164588   0.00013155119      -2.0013677       8.9433055     -0.11121001       4.5284133    0.0039681471      0.99840237                 -19.664451                0.033775329                 -2.3662755                    2.54491                 0.44522996       1.0163183        0.99810377         1.0667882          1.005443         1.0653872       0.98666671        1.0048659       0.99681724        1.0037817       0.99919329   2.0949948e-09      0.28553527      0.75477752      0.73635664       147.61078        9.462591       429.93961       1409.7103       18.384873        18.384873       13913.163                 19.420931                 395.50617                      15.012508                         12050.406               0.24256663              3.3825695                         5.8374548                                 13.644342             1409.7103
              1       6973.1802       3.0421362      0.95975209       69.712526     0.021980078      0.11678726     0.051417678      -3.5838115       2.1592045       3.2973421       6.5851807       2.4218851       8.5771662       3.3708153       1.1607381      0.74432889    0.0018148546      -2.0069183       8.9441067     -0.10712898       4.5284508    0.0026189313      0.99630279                 -19.843966                0.042600072                 -2.3962564                  2.5102082                  0.4813613       1.0162518        0.99721382         1.0646215         1.0068764         1.0657806       0.98761243        1.0049076        0.9966632        1.0038128        0.9990423   2.0949948e-09      0.28553527      0.75477752      0.73635664       147.61078        9.462591       428.23445       1409.7103       19.615806        19.615806       13907.129                  19.49326                 395.50596                      13.235233                         12046.077               0.24256663              3.3825695                         5.8374548                                 13.644342             1409.7103
              3       6973.0911       3.0421362      0.95975209       69.712526     0.021980078      0.11678726     0.051417678      -3.5838115       2.1592045       3.2973421       6.5851807       2.4218851       8.5771662       3.3708153       1.1607381      0.74432889    0.0018148546      -2.0069183       8.9441067     -0.10712898       4.5284508    0.0026189313      0.99811444                 -19.843966                0.042600072                 -2.3962564                  2.5102082                  0.4813613       1.0162518        0.99721382         1.0646215         1.0068764         1.0657806       0.98761243        1.0049076        0.9966632        1.0038128        0.9990423   2.0949948e-09      0.28553527      0.75477752      0.73635664       147.61078        9.462591       429.67455       1409.7103       18.806685        18.806685       13908.569                 19.430072                 395.49143                      14.753052                         12046.077               0.24256663              3.3825695                         5.8374548                                 13.644342             1409.7103
              1       6973.9698       3.0421362      0.95975209       69.712526     0.021980078      0.11678726     0.051417678      -3.5838115       2.1592045       3.2973421       6.5851807       2.4218851       8.5771662       3.3708153       1.1607381      0.74432889    0.0018148546      -2.0069183       8.9441067     -0.10712898       4.5284508    0.0026189313      0.99811444                 -19.843966                0.042600072                 -2.3962564                  2.5102082                  0.4813613       1.0164611        0.99861938         1.0652232         1.0071692         1.0653509       0.98772718        1.0050282       0.99651342        1.0037549       0.99893381   2.0949948e-09      0.28553527      0.75477752      0.73635664       147.61078        9.462591       429.67455       1409.7103       19.491841        19.491841       13908.956                 19.430072                 395.49143                      14.753052                         12046.464               0.24256663              3.3825695                         5.8374548                                 13.644342             1409.7103
              1       6974.2605       3.0421362      0.95975209       69.712526     0.021980078      0.11678726     0.051417678      -3.5838115       2.1592045       3.2973421       6.5851807       2.4218851       8.5771662       3.3708153       1.1607381      0.74432889    0.0018148546      -2.0069183       8.9441067     -0.10712898       4.5284508    0.0026189313      0.99560992                 -19.843966                0.042600072                 -2.3962564                  2.5102082                  0.4813613       1.0164626        0.99862128          1.065228         1.0071676         1.0653453       0.98772389        1.0050291       0.99651318        1.0037551       0.99893415   2.0949948e-09      0.28553527      0.75477752      0.73635664       147.61078        9.462591       427.73615       1409.7103       20.754293        20.754293       13907.012                 19.520145                 395.50848                       12.70752                         12046.459               0.24256663              3.3825695                         5.8374548                                 13.644342             1409.7103
              1       6971.5689       3.0421362      0.95975209       69.712526     0.021980078      0.11678726     0.051417678      -3.5838115       2.1592045       3.2973421       6.5851807       2.4218851       8.5771662       3.3708153       1.1607381      0.74432889    0.0018148546      -2.0069183       8.9441067     -0.10712898       4.5284508    0.0026189313      0.99560992                 -19.843966                0.042600072                 -2.3962564                  2.5102082                  0.4813613       1.0159448         0.9975615         1.0644503         1.0047283         1.0656648       0.98498939        1.0052216       0.99646621        1.0036089       0.99930193   2.0949948e-09      0.28553527      0.75477752      0.73635664       147.61078        9.462591       427.73615       1409.7103       20.247141        20.247141       13902.643                 19.520145                 395.50848                       12.70752                          12042.09               0.24256663              3.3825695                         5.8374548                                 13.644342             1409.7103
              3       6971.6919       3.0421362      0.95975209       69.712526     0.021980078      0.11678726     0.051417678      -3.5838115       2.1592045       3.2973421       6.5851807       2.4218851       8.5771662       3.3708153       1.1607381      0.74432889    0.0018148546      -2.0069183       8.9441067     -0.10712898       4.5284508    0.0026189313      0.99546744                 -19.843966                0.042600072                 -2.3962564                  2.5102082                  0.4813613       1.0159452        0.99753626         1.0643876         1.0047005         1.0656644       0.98500823        1.0052185       0.99646546        1.0035944       0.99930273   2.0949948e-09      0.28553527      0.75477752      0.73635664       147.61078        9.462591       427.63701       1409.7103       20.325971        20.325971       13902.732                 19.525876                 395.50848                      12.602649                         12042.278               0.24256663              3.3825695                         5.8374548                                 13.644342             1409.7103
              6       6972.2146       3.0421362      0.95975209       69.712526     0.021980078      0.11678726     0.051417678      -3.5838115       2.1592045       3.2973421       6.5851807       2.4218851       8.5771662       3.3708153       1.1607381      0.74432889    0.0018148546      -2.0069183       8.9441067     -0.10712898       4.5284508    0.0026189313      0.99436631                 -19.843966                0.042600072                 -2.3962564                  2.5102082                  0.4813613       1.0159452        0.99753626         1.0643876         1.0047005         1.0656644       0.98500823        1.0052185       0.99646546        1.0035944       0.99930273   2.0949948e-09      0.28553527      0.75477752      0.73635664       147.61078        9.462591        426.8913       1409.7103        21.22152         21.22152       13901.986                 19.572342                 395.48452                      11.834443                         12042.278               0.24256663              3.3825695                         5.8374548                                 13.644342             1409.7103
              3        6972.375       3.0421362      0.95975209       69.712526     0.021980078      0.11678726     0.051417678      -3.5662417       2.1599496       3.2838352        6.584233       2.4191954       8.5678449       3.3716714       1.1610759      0.73169782    0.0015468097      -2.0017513       8.9435102     -0.11551368       4.5284844    0.0053360027      0.99475162                 -19.733593                0.037154836                 -2.4738822                  2.5496285                 0.37307969       1.0159452        0.99753626         1.0643876         1.0047005         1.0656644       0.98500823        1.0052185       0.99646546        1.0035944       0.99930273   2.0949948e-09      0.28553527      0.75477752      0.73635664       147.61078        9.462591        427.1215       1409.7103       20.860211        20.860211        13903.03                 19.555637                 395.47114                      12.094723                         12043.091               0.24256663              3.3825695                         5.8374548                                 13.644342             1409.7103
              2       6971.2965       3.0421362      0.95975209       69.712526     0.021980078      0.11678726     0.051417678      -3.5662417       2.1599496       3.2838352        6.584233       2.4191954       8.5678449       3.3716714       1.1610759      0.73169782    0.0015468097      -2.0017513       8.9435102     -0.11551368       4.5284844    0.0053360027      0.99475162                 -19.733593                0.037154836                 -2.4738822                  2.5496285                 0.37307969       1.0159175        0.99683468         1.0642211         1.0055275         1.0664633       0.98445791        1.0051184       0.99661829        1.0035329        0.9993485   2.0949948e-09      0.28553527      0.75477752      0.73635664       147.61078        9.462591        427.1215       1409.7103       20.453575        20.453575       13901.686                 19.555637                 395.47114                      12.094723                         12041.747               0.24256663              3.3825695                         5.8374548                                 13.644342             1409.7103
              1       6971.1117       3.0421362      0.95975209       69.712526     0.021980078      0.11678726     0.051417678      -3.5662417       2.1599496       3.2838352        6.584233       2.4191954       8.5678449       3.3716714       1.1610759      0.73169782    0.0015468097      -2.0017513       8.9435102     -0.11551368       4.5284844    0.0053360027      0.99475162                 -19.733593                0.037154836                 -2.4738822                  2.5496285                 0.37307969       1.0159161        0.99717073         1.0642243         1.0057969         1.0661784       0.98436899        1.0051896       0.99660855        1.0035901        0.9994118   2.0949948e-09      0.28553527      0.75477752      0.73635664       147.61078        9.462591        427.1215       1409.7103       20.667058        20.667058       13900.889                 19.555637                 395.47114                      12.094723                         12040.951               0.24256663              3.3825695                         5.8374548                                 13.644342             1409.7103
              1       6965.8199       3.0421362      0.95975209       69.712526     0.021980078      0.11678726     0.051417678      -3.5914806       2.1832849       3.2664291       6.5935994       2.4274585       8.5477458       3.3654318       1.1608927       0.6494669    0.0012547111      -1.9857356       8.9448785     -0.10938246       4.5284852    0.0085114691      0.99463973                 -19.804663                0.087402604                 -2.2249948                  2.5608391                 0.31482154       1.0159161        0.99717073         1.0642243         1.0057969         1.0661784       0.98436899        1.0051896       0.99660855        1.0035901        0.9994118   2.0949948e-09      0.28553527      0.75477752      0.73635664       147.61078        9.462591       427.04977       1409.7103       20.530881        20.530881       13890.578                 19.560442                 395.47114                      12.018196                         12030.711               0.24256663              3.3825695                         5.8374548                                 13.644342             1409.7103
              3       6964.7514       3.0421362      0.95975209       69.712526     0.021980078      0.11678726     0.051417678      -3.5914806       2.1832849       3.2664291       6.5935994       2.4274585       8.5477458       3.3654318       1.1608927       0.6494669    0.0012547111      -1.9857356       8.9448785     -0.10938246       4.5284852    0.0085114691      0.99463973                 -19.804663                0.087402604                 -2.2249948                  2.5608391                 0.31482154       1.0159595        0.99731342         1.0645534         1.0061681         1.0660178       0.98347583        1.0051738       0.99653705        1.0036202       0.99941383   2.0949948e-09      0.28553527      0.75477752      0.73635664       147.61078        9.462591       427.04977       1409.7103       20.755254        20.755254       13887.992                 19.560442                 395.47114                      12.018196                         12028.125               0.24256663              3.3825695                         5.8374548                                 13.644342             1409.7103
              3       6965.3449       3.0421362      0.95975209       69.712526     0.021980078      0.11678726     0.051417678      -3.5914806       2.1832849       3.2664291       6.5935994       2.4274585       8.5477458       3.3654318       1.1608927       0.6494669    0.0012547111      -1.9857356       8.9448785     -0.10938246       4.5284852    0.0085114691      0.99374712                 -19.804663                0.087402604                 -2.2249948                  2.5608391                 0.31482154       1.0162196        0.99646026         1.0660178          1.004076         1.0654615       0.98122938        1.0049326        0.9966825        1.0036903       0.99918639   2.0949948e-09      0.28553527      0.75477752      0.73635664       147.61078        9.462591       426.54088       1409.7103       21.791381        21.791381       13887.107                 19.600137                 395.50523                      11.435513                         12027.749               0.24256663              3.3825695                         5.8374548                                 13.644342             1409.7103
              1       6967.5413       3.0421362      0.95975209       69.712526     0.021980078      0.11678726     0.051417678      -3.5914806       2.1832849       3.2664291       6.5935994       2.4274585       8.5477458       3.3654318       1.1608927       0.6494669    0.0012547111      -1.9857356       8.9448785     -0.10938246       4.5284852    0.0085114691      0.99374712                 -19.804663                0.087402604                 -2.2249948                  2.5608391                 0.31482154       1.0160445        0.99532757         1.0664444         1.0039773         1.0622215        0.9824023        1.0053412       0.99648415        1.0039904       0.99957673   2.0949948e-09      0.28553527      0.75477752      0.73635664       147.61078        9.462591       426.54088       1409.7103       22.654356        22.654356       13889.774                 19.600137                 395.50523                      11.435513                         12030.416               0.24256663              3.3825695                         5.8374548                                 13.644342             1409.7103
              1       6969.3077       3.0421362      0.95975209       69.712526     0.021980078      0.11678726     0.051417678      -3.5914806       2.1832849       3.2664291       6.5935994       2.4274585       8.5477458       3.3654318       1.1608927       0.6494669    0.0012547111      -1.9857356       8.9448785     -0.10938246       4.5284852    0.0085114691      0.99568875                 -19.804663                0.087402604                 -2.2249948                  2.5608391                 0.31482154       1.0162858        0.99541281         1.0665338         1.0037991         1.0620244       0.98466136         1.005506       0.99638533        1.0037638       0.99949313   2.0949948e-09      0.28553527      0.75477752      0.73635664       147.61078        9.462591       427.79156       1409.7103       21.399606        21.399606       13895.816                 19.517004                 395.50848                       12.76607                         12035.207               0.24256663              3.3825695                         5.8374548                                 13.644342             1409.7103
              5       6969.2202       3.0421362      0.95975209       69.712526     0.021980078      0.11678726     0.051417678      -3.5914806       2.1832849       3.2664291       6.5935994       2.4274585       8.5477458       3.3654318       1.1608927       0.6494669    0.0012547111      -1.9857356       8.9448785     -0.10938246       4.5284852    0.0085114691      0.99595523                 -19.804663                0.087402604                 -2.2249948                  2.5608391                 0.31482154       1.0162858        0.99541281         1.0665338         1.0037991         1.0620244       0.98466136         1.005506       0.99638533        1.0037638       0.99949313   2.0949948e-09      0.28553527      0.75477752      0.73635664       147.61078        9.462591       427.97294       1409.7103       21.221466        21.221466       13895.998                 19.506547                 395.49955                      12.966841                         12035.207               0.24256663              3.3825695                         5.8374548                                 13.644342             1409.7103
              1        6969.581       3.0421362      0.95975209       69.712526     0.021980078      0.11678726     0.051417678      -3.5914806       2.1832849       3.2664291       6.5935994       2.4274585       8.5477458       3.3654318       1.1608927       0.6494669    0.0012547111      -1.9857356       8.9448785     -0.10938246       4.5284852    0.0085114691      0.99595523                 -19.804663                0.087402604                 -2.2249948                  2.5608391                 0.31482154       1.0162974        0.99557639         1.0665405         1.0036783         1.0619859       0.98486492        1.0055276       0.99639349        1.0037638       0.99948458   2.0949948e-09      0.28553527      0.75477752      0.73635664       147.61078        9.462591       427.97294       1409.7103       21.264002        21.264002       13896.634                 19.506547                 395.49955                      12.966841                         12035.844               0.24256663              3.3825695                         5.8374548                                 13.644342             1409.7103
              1       6969.4423       3.0421362      0.95975209       69.712526     0.021980078      0.11678726     0.051417678      -3.5914806       2.1832849       3.2664291       6.5935994       2.4274585       8.5477458       3.3654318       1.1608927       0.6494669    0.0012547111      -1.9857356       8.9448785     -0.10938246       4.5284852    0.0085114691      0.99831065                 -19.804663                0.087402604                 -2.2249948                  2.5608391                 0.31482154       1.0162974        0.99557639         1.0665405         1.0036783         1.0619859       0.98486492        1.0055276       0.99639349        1.0037638       0.99948458   2.0949948e-09      0.28553527      0.75477752      0.73635664       147.61078        9.462591       429.85666       1409.7103       20.183501        20.183501       13898.518                 19.423815                 395.50353                      14.929319                         12035.844               0.24256663              3.3825695                         5.8374548                                 13.644342             1409.7103
              2       6971.4854       3.0421362      0.95975209       69.712526     0.021980078      0.11678726     0.051417678      -3.5914806       2.1832849       3.2664291       6.5935994       2.4274585       8.5477458       3.3654318       1.1608927       0.6494669    0.0012547111      -1.9857356       8.9448785     -0.10938246       4.5284852    0.0085114691      0.99873226                 -19.804663                0.087402604                 -2.2249948                  2.5608391                 0.31482154       1.0163354        0.99434192         1.0645977         1.0046188         1.0618859       0.98636357        1.0058715       0.99628066        1.0041245       0.99956975   2.0949948e-09      0.28553527      0.75477752      0.73635664       147.61078        9.462591       430.23282       1409.7103       21.326352        21.326352       13900.318                 19.410761                 395.50617                      15.315882                         12037.268               0.24256663              3.3825695                         5.8374548                                 13.644342             1409.7103
              2       6970.7013       3.0421362      0.95975209       69.712526     0.021980078      0.11678726     0.051417678      -3.5914806       2.1832849       3.2664291       6.5935994       2.4274585       8.5477458       3.3654318       1.1608927       0.6494669    0.0012547111      -1.9857356       8.9448785     -0.10938246       4.5284852    0.0085114691      0.99873226                 -19.804663                0.087402604                 -2.2249948                  2.5608391                 0.31482154       1.0163579        0.99312689          1.064935          1.004498         1.0624456       0.98558756        1.0058512       0.99635399        1.0041451       0.99971453   2.0949948e-09      0.28553527      0.75477752      0.73635664       147.61078        9.462591       430.23282       1409.7103       21.334796        21.334796       13898.733                 19.410761                 395.50617                      15.315882                         12035.683               0.24256663              3.3825695                         5.8374548                                 13.644342             1409.7103
              1       6970.5392       3.0421362      0.95975209       69.712526     0.021980078      0.11678726     0.051417678      -3.5914806       2.1832849       3.2664291       6.5935994       2.4274585       8.5477458       3.3654318       1.1608927       0.6494669    0.0012547111      -1.9857356       8.9448785     -0.10938246       4.5284852    0.0085114691      0.99748369                 -19.804663                0.087402604                 -2.2249948                  2.5608391                 0.31482154       1.0163579        0.99312689          1.064935          1.004498         1.0624456       0.98558756        1.0058512       0.99635399        1.0041451       0.99971453   2.0949948e-09      0.28553527      0.75477752      0.73635664       147.61078        9.462591       429.15256       1409.7103       21.712767        21.712767       13897.653                 19.450961                 395.49952                      14.202077                         12035.683               0.24256663              3.3825695                         5.8374548                                 13.644342             1409.7103
              4       6967.4339       3.0421362      0.95975209       69.712526     0.021980078      0.11678726     0.051417678      -3.5914806       2.1832849       3.2664291       6.5935994       2.4274585       8.5477458       3.3654318       1.1608927       0.6494669    0.0012547111      -1.9857356       8.9448785     -0.10938246       4.5284852    0.0085114691      0.99748369                 -19.804663                0.087402604                 -2.2249948                  2.5608391                 0.31482154       1.0157476        0.99555788         1.0648832         1.0044847         1.0611269       0.98283197        1.0056013       0.99634171        1.0040208       0.99972963   2.0949948e-09      0.28553527      0.75477752      0.73635664       147.61078        9.462591       429.15256       1409.7103       20.176481        20.176481       13894.515                 19.450961                 395.49952                      14.202077                         12032.545               0.24256663              3.3825695                         5.8374548                                 13.644342             1409.7103
              1       6966.7126       3.0421362      0.95975209       69.712526     0.021980078      0.11678726     0.051417678       -3.589205       2.1823813       3.2670939       6.5919233       2.4277258       8.5458424       3.3656104       1.1611278      0.64865827    0.0002245743      -1.9850929       8.9449171       -0.108692       4.5284921     0.008921849      0.99911741                 -19.831698                0.091722457                 -2.2078034                  2.5556559                 0.32159553       1.0157476        0.99555788         1.0648832         1.0044847         1.0611269       0.98283197        1.0056013       0.99634171        1.0040208       0.99972963   2.0949948e-09      0.28553527      0.75477752      0.73635664       147.61078        9.462591       430.57094       1409.7103       19.744008        19.744008       13893.937                 19.399318                 395.49333                      15.678296                         12030.549               0.24256663              3.3825695                         5.8374548                                 13.644342             1409.7103
              1       6966.5958       3.0421362      0.95975209       69.712526     0.021980078      0.11678726     0.051417678       -3.589205       2.1823813       3.2670939       6.5919233       2.4277258       8.5458424       3.3656104       1.1611278      0.64865827    0.0002245743      -1.9850929       8.9449171       -0.108692       4.5284921     0.008921849      0.99867433                 -19.831698                0.091722457                 -2.2078034                  2.5556559                 0.32159553       1.0157476        0.99555788         1.0648832         1.0044847         1.0611269       0.98283197        1.0056013       0.99634171        1.0040208       0.99972963   2.0949948e-09      0.28553527      0.75477752      0.73635664       147.61078        9.462591       430.18084       1409.7103       19.822283        19.822283       13893.547                 19.412524                 395.50617                      15.262141                         12030.549               0.24256663              3.3825695                         5.8374548                                 13.644342             1409.7103
              3       6967.0857       3.0421362      0.95975209       69.712526     0.021980078      0.11678726     0.051417678       -3.589205       2.1823813       3.2670939       6.5919233       2.4277258       8.5458424       3.3656104       1.1611278      0.64865827    0.0002245743      -1.9850929       8.9449171       -0.108692       4.5284921     0.008921849      0.99805263                 -19.831698                0.091722457                 -2.2078034                  2.5556559                 0.32159553       1.0159099        0.99591775         1.0650354         1.0031904         1.0638705       0.98494793        1.0056472       0.99650155        1.0044192       0.99993713   2.0949948e-09      0.28553527      0.75477752      0.73635664       147.61078        9.462591       429.62149       1409.7103       20.539553        20.539553       13893.092                 19.432068                 395.49143                      14.697996                         12030.654               0.24256663              3.3825695                         5.8374548                                 13.644342             1409.7103
              1       6967.4067       3.0421362      0.95975209       69.712526     0.021980078      0.11678726     0.051417678       -3.589205       2.1823813       3.2670939       6.5919233       2.4277258       8.5458424       3.3656104       1.1611278      0.64865827    0.0002245743      -1.9850929       8.9449171       -0.108692       4.5284921     0.008921849      0.99805263                 -19.831698                0.091722457                 -2.2078034                  2.5556559                 0.32159553       1.0158405        0.99620991         1.0643648         1.0032083         1.0647214       0.98511443        1.0056434       0.99635988        1.0042962        1.0000372   2.0949948e-09      0.28553527      0.75477752      0.73635664       147.61078        9.462591       429.62149       1409.7103       20.354908        20.354908       13894.104                 19.432068                 395.49143                      14.697996                         12031.665               0.24256663              3.3825695                         5.8374548                                 13.644342             1409.7103
              2       6966.2204       3.0421362      0.95975209       69.712526     0.021980078      0.11678726     0.051417678       -3.589205       2.1823813       3.2670939       6.5919233       2.4277258       8.5458424       3.3656104       1.1611278      0.64865827    0.0002245743      -1.9850929       8.9449171       -0.108692       4.5284921     0.008921849      0.99805263                 -19.831698                0.091722457                 -2.2078034                  2.5556559                 0.32159553       1.0155728         0.9964373         1.0652278         1.0027229         1.0659553       0.98424876        1.0055824       0.99621507        1.0045345        1.0000017   2.0949948e-09      0.28553527      0.75477752      0.73635664       147.61078        9.462591       429.62149       1409.7103       20.291377        20.291377       13891.858                 19.432068                 395.49143                      14.697996                         12029.419               0.24256663              3.3825695                         5.8374548                                 13.644342             1409.7103
              3       6964.9158       3.0421362      0.95975209       69.712526     0.021980078      0.11678726     0.051417678       -3.589205       2.1823813       3.2670939       6.5919233       2.4277258       8.5458424       3.3656104       1.1611278      0.64865827    0.0002245743      -1.9850929       8.9449171       -0.108692       4.5284921     0.008921849      0.99805263                 -19.831698                0.091722457                 -2.2078034                  2.5556559                 0.32159553       1.0151693        0.99468381         1.0707651         1.0108387         1.0716565       0.98436989        1.0057052       0.99638252        1.0044873       0.99982855   2.0949948e-09      0.28553527      0.75477752      0.73635664       147.61078        9.462591       429.62149       1409.7103       19.643677        19.643677       13890.544                 19.432068                 395.49143                      14.697996                         12028.106               0.24256663              3.3825695                         5.8374548                                 13.644342             1409.7103
              2        6964.885       3.0421362      0.95975209       69.712526     0.021980078      0.11678726     0.051417678       -3.589205       2.1823813       3.2670939       6.5919233       2.4277258       8.5458424       3.3656104       1.1611278      0.64865827    0.0002245743      -1.9850929       8.9449171       -0.108692       4.5284921     0.008921849      0.99752717                 -19.831698                0.091722457                 -2.2078034                  2.5556559                 0.32159553       1.0151693        0.99468381         1.0707651         1.0108387         1.0716565       0.98436989        1.0057052       0.99638252        1.0044873       0.99982855   2.0949948e-09      0.28553527      0.75477752      0.73635664       147.61078        9.462591       429.18829       1409.7103       19.829486        19.829486       13890.111                 19.449485                 395.49952                      14.239287                         12028.106               0.24256663              3.3825695                         5.8374548                                 13.644342             1409.7103
              2       6953.4666       3.0518579      0.96340789       69.390282     0.021891755      0.11698458     0.057000856       -3.589205       2.1823813       3.2670939       6.5919233       2.4277258       8.5458424       3.3656104       1.1611278      0.64865827    0.0002245743      -1.9850929       8.9449171       -0.108692       4.5284921     0.008921849      0.99752717                 -19.831698                0.091722457                 -2.2078034                  2.5556559                 0.32159553       1.0151693        0.99468381         1.0707651         1.0108387         1.0716565       0.98436989        1.0057052       0.99638252        1.0044873       0.99982855   2.1154612e-09      0.28841975      0.76014939      0.74533381       147.65766       8.0723831        428.2206       1408.8578       19.829486        19.829486       13867.274                 19.309164                 396.48119                      12.430239                         12009.087               0.16073802              3.0570482                         4.8545969                                  13.03625             1408.8578
              2       6953.4806       3.0518579      0.96340789       69.390282     0.021891755      0.11698458     0.057000856       -3.589205       2.1823813       3.2670939       6.5919233       2.4277258       8.5458424       3.3656104       1.1611278      0.64865827    0.0002245743      -1.9850929       8.9449171       -0.108692       4.5284921     0.008921849      0.99733133                 -19.831698                0.091722457                 -2.2078034                  2.5556559                 0.32159553       1.0151693        0.99468381         1.0707651         1.0108387         1.0716565       0.98436989        1.0057052       0.99638252        1.0044873       0.99982855   2.1154612e-09      0.28841975      0.76014939      0.74533381       147.65766       8.0723831        428.0875       1408.8578        19.91004         19.91004       13867.141                 19.312555                 396.48475                      12.290197                         12009.087               0.16073802              3.0570482                         4.8545969                                  13.03625             1408.8578
              3       6930.7152       3.0518579      0.96340789       69.390282     0.021891755      0.11698458     0.057000856      -3.5776179       2.1759674       3.2658583       6.5738577       2.4297908       8.5335529       3.3599557       1.1603984      0.65932657   4.2897602e-05       -1.991648       8.9438055     -0.11456332       4.5284107    0.0041874711      0.99733133                 -19.815143                   0.227864                  -2.417613                  2.4951615                  0.2686904       1.0151693        0.99468381         1.0707651         1.0108387         1.0716565       0.98436989        1.0057052       0.99638252        1.0044873       0.99982855   2.1154612e-09      0.28841975      0.76014939      0.74533381       147.65766       8.0723831        428.0875       1408.8578       20.074592        20.074592       13821.281                 19.312555                 396.48475                      12.290197                         11963.227               0.16073802              3.0570482                         4.8545969                                  13.03625             1408.8578
              1       6928.9792       3.0518579      0.96340789       69.390282     0.021891755      0.11698458     0.057000856      -3.5776179       2.1759674       3.2658583       6.5738577       2.4297908       8.5335529       3.3599557       1.1603984      0.65932657   4.2897602e-05       -1.991648       8.9438055     -0.11456332       4.5284107    0.0041874711      0.99733133                 -19.815143                   0.227864                  -2.417613                  2.4951615                  0.2686904        1.015332        0.99628637         1.0681759         1.0084769         1.0709403       0.98358407        1.0060284       0.99632319        1.0049477       0.99982999   2.1154612e-09      0.28841975      0.76014939      0.74533381       147.65766       8.0723831        428.0875       1408.8578       21.889841        21.889841       13814.179                 19.312555                 396.48475                      12.290197                         11956.125               0.16073802              3.0570482                         4.8545969                                  13.03625             1408.8578
              2       6928.9111       3.0518579      0.96340789       69.390282     0.021891755      0.11698458     0.057000856      -3.5776179       2.1759674       3.2658583       6.5738577       2.4297908       8.5335529       3.3599557       1.1603984      0.65932657   4.2897602e-05       -1.991648       8.9438055     -0.11456332       4.5284107    0.0041874711      0.99733133                 -19.815143                   0.227864                  -2.417613                  2.4951615                  0.2686904       1.0151528        0.99652633         1.0696606          1.008701         1.0720306       0.98222382        1.0060593       0.99634249        1.0050366       0.99997258   2.1154612e-09      0.28841975      0.76014939      0.74533381       147.65766       8.0723831        428.0875       1408.8578       21.913674        21.913674       13813.995                 19.312555                 396.48475                      12.290197                         11955.941               0.16073802              3.0570482                         4.8545969                                  13.03625             1408.8578
              1       6928.4352       3.0518579      0.96340789       69.390282     0.021891755      0.11698458     0.057000856      -3.5776179       2.1759674       3.2658583       6.5738577       2.4297908       8.5335529       3.3599557       1.1603984      0.65932657   4.2897602e-05       -1.991648       8.9438055     -0.11456332       4.5284107    0.0041874711      0.99617083                 -19.815143                   0.227864                  -2.417613                  2.4951615                  0.2686904       1.0150087        0.99699828         1.0697845         1.0079039         1.0725795       0.98061738        1.0058968       0.99638069        1.0049064        0.9998886   2.1154612e-09      0.28841975      0.76014939      0.74533381       147.65766       8.0723831       427.35129       1408.8578        21.83921         21.83921       13813.192                 19.335233                 396.50766                      11.508398                         11955.874               0.16073802              3.0570482                         4.8545969                                  13.03625             1408.8578
              3       6926.8194       3.0518579      0.96340789       69.390282     0.021891755      0.11698458     0.057000856      -3.5776179       2.1759674       3.2658583       6.5738577       2.4297908       8.5335529       3.3599557       1.1603984      0.65932657   4.2897602e-05       -1.991648       8.9438055     -0.11456332       4.5284107    0.0041874711      0.99617083                 -19.815143                   0.227864                  -2.417613                  2.4951615                  0.2686904       1.0149909        0.99644623         1.0683052         1.0082068         1.0706931       0.98031657        1.0059233       0.99633915         1.004848       0.99985451   2.1154612e-09      0.28841975      0.76014939      0.74533381       147.65766       8.0723831       427.35129       1408.8578        21.85619         21.85619       13809.926                 19.335233                 396.50766                      11.508398                         11952.609               0.16073802              3.0570482                         4.8545969                                  13.03625             1408.8578
              2       6926.6943       3.0518579      0.96340789       69.390282     0.021891755      0.11698458     0.057000856      -3.5776179       2.1759674       3.2658583       6.5738577       2.4297908       8.5335529       3.3599557       1.1603984      0.65932657   4.2897602e-05       -1.991648       8.9438055     -0.11456332       4.5284107    0.0041874711      0.99662042                 -19.815143                   0.227864                  -2.417613                  2.4951615                  0.2686904       1.0149909        0.99644623         1.0683052         1.0082068         1.0706931       0.98031657        1.0059233       0.99633915         1.004848       0.99985451   2.1154612e-09      0.28841975      0.76014939      0.74533381       147.65766       8.0723831       427.61968       1408.8578       21.596915        21.596915       13810.195                 19.325882                 396.49231                      11.801491                         11952.609               0.16073802              3.0570482                         4.8545969                                  13.03625             1408.8578
              3        6926.568       3.0518579      0.96340789       69.390282     0.021891755      0.11698458     0.057000856      -3.5776179       2.1759674       3.2658583       6.5738577       2.4297908       8.5335529       3.3599557       1.1603984      0.65932657   4.2897602e-05       -1.991648       8.9438055     -0.11456332       4.5284107    0.0041874711      0.99780323                 -19.815143                   0.227864                  -2.417613                  2.4951615                  0.2686904       1.0149909        0.99644623         1.0683052         1.0082068         1.0706931       0.98031657        1.0059233       0.99633915         1.004848       0.99985451   2.1154612e-09      0.28841975      0.76014939      0.74533381       147.65766       8.0723831       428.42233       1408.8578       21.069252        21.069252       13810.997                 19.304561                 396.48616                      12.631601                         11952.609               0.16073802              3.0570482                         4.8545969                                  13.03625             1408.8578
              1       6927.0685       3.0518579      0.96340789       69.390282     0.021891755      0.11698458     0.057000856      -3.5776179       2.1759674       3.2658583       6.5738577       2.4297908       8.5335529       3.3599557       1.1603984      0.65932657   4.2897602e-05       -1.991648       8.9438055     -0.11456332       4.5284107    0.0041874711      0.99732846                 -19.815143                   0.227864                  -2.417613                  2.4951615                  0.2686904        1.014913         0.9961663         1.0676032         1.0074621         1.0709656       0.97969232        1.0058661       0.99629489        1.0048289       0.99982445   2.1154612e-09      0.28841975      0.76014939      0.74533381       147.65766       8.0723831       428.08552       1408.8578        21.08004         21.08004       13811.977                 19.312606                 396.48475                      12.288166                         11953.925               0.16073802              3.0570482                         4.8545969                                  13.03625             1408.8578
              1       6927.1697       3.0518579      0.96340789       69.390282     0.021891755      0.11698458     0.057000856      -3.5776179       2.1759674       3.2658583       6.5738577       2.4297908       8.5335529       3.3599557       1.1603984      0.65932657   4.2897602e-05       -1.991648       8.9438055     -0.11456332       4.5284107    0.0041874711      0.99890702                 -19.815143                   0.227864                  -2.417613                  2.4951615                  0.2686904        1.014913         0.9961663         1.0676032         1.0074621         1.0709656       0.97969232        1.0058661       0.99629489        1.0048289       0.99982445   2.1154612e-09      0.28841975      0.76014939      0.74533381       147.65766       8.0723831        429.2386       1408.8578       20.604639        20.604639        13813.13                 19.288235                 396.46762                      13.482745                         11953.925               0.16073802              3.0570482                         4.8545969                                  13.03625             1408.8578
              1       6927.9051       3.0518579      0.96340789       69.390282     0.021891755      0.11698458     0.057000856      -3.5776179       2.1759674       3.2658583       6.5738577       2.4297908       8.5335529       3.3599557       1.1603984      0.65932657   4.2897602e-05       -1.991648       8.9438055     -0.11456332       4.5284107    0.0041874711      0.99890702                 -19.815143                   0.227864                  -2.417613                  2.4951615                  0.2686904       1.0152179        0.99643726         1.0668218         1.0075027         1.0723285       0.97822118        1.0060614        0.9965397        1.0049527       0.99976271   2.1154612e-09      0.28841975      0.76014939      0.74533381       147.65766       8.0723831        429.2386       1408.8578       21.722774        21.722774       13812.365                 19.288235                 396.46762                      13.482745                          11953.16               0.16073802              3.0570482                         4.8545969                                  13.03625             1408.8578
              1       6929.4781       3.0518579      0.96340789       69.390282     0.021891755      0.11698458     0.057000856      -3.5776179       2.1759674       3.2658583       6.5738577       2.4297908       8.5335529       3.3599557       1.1603984      0.65932657   4.2897602e-05       -1.991648       8.9438055     -0.11456332       4.5284107    0.0041874711      0.99890702                 -19.815143                   0.227864                  -2.417613                  2.4951615                  0.2686904        1.015018        0.99620567         1.0677335         1.0084187         1.0735013       0.97425133        1.0057099       0.99664718        1.0049836       0.99978633   2.1154612e-09      0.28841975      0.76014939      0.74533381       147.65766       8.0723831        429.2386       1408.8578       21.092258        21.092258       13816.772                 19.288235                 396.46762                      13.482745                         11957.567               0.16073802              3.0570482                         4.8545969                                  13.03625             1408.8578
              1       6927.4889       3.0518579      0.96340789       69.390282     0.021891755      0.11698458     0.057000856      -3.5776179       2.1759674       3.2658583       6.5738577       2.4297908       8.5335529       3.3599557       1.1603984      0.65932657   4.2897602e-05       -1.991648       8.9438055     -0.11456332       4.5284107    0.0041874711      0.99625991                 -19.815143                   0.227864                  -2.417613                  2.4951615                  0.2686904       1.0152996         1.0000236         1.0689397         1.0068167         1.0709578       0.97455563        1.0055251       0.99670945        1.0051885       0.99984779   2.1154612e-09      0.28841975      0.76014939      0.74533381       147.65766       8.0723831        427.3909       1408.8578       22.406179        22.406179       13810.165                 19.333324                 396.49209                      11.565481                         11952.808               0.16073802              3.0570482                         4.8545969                                  13.03625             1408.8578
              1       6928.4068       3.0518579      0.96340789       69.390282     0.021891755      0.11698458     0.057000856      -3.5776179       2.1759674       3.2658583       6.5738577       2.4297908       8.5335529       3.3599557       1.1603984      0.65932657   4.2897602e-05       -1.991648       8.9438055     -0.11456332       4.5284107    0.0041874711      0.99625991                 -19.815143                   0.227864                  -2.417613                  2.4951615                  0.2686904        1.015054        0.99991405         1.0676642          1.007486         1.0719994       0.97409703        1.0055667       0.99642894        1.0050808       0.99997126   2.1154612e-09      0.28841975      0.76014939      0.74533381       147.65766       8.0723831        427.3909       1408.8578       22.219795        22.219795       13812.374                 19.333324                 396.49209                      11.565481                         11955.017               0.16073802              3.0570482                         4.8545969                                  13.03625             1408.8578
              1       6927.5157       3.0518579      0.96340789       69.390282     0.021891755      0.11698458     0.057000856      -3.5776179       2.1759674       3.2658583       6.5738577       2.4297908       8.5335529       3.3599557       1.1603984      0.65932657   4.2897602e-05       -1.991648       8.9438055     -0.11456332       4.5284107    0.0041874711      0.99625991                 -19.815143                   0.227864                  -2.417613                  2.4951615                  0.2686904       1.0155628         1.0022656         1.0667169         1.0095417         1.0663958       0.97320594        1.0046606       0.99582539        1.0046836        1.0001698   2.1154612e-09      0.28841975      0.76014939      0.74533381       147.65766       8.0723831        427.3909       1408.8578       21.402523        21.402523       13812.226                 19.333324                 396.49209                      11.565481                         11954.869               0.16073802              3.0570482                         4.8545969                                  13.03625             1408.8578
              3       6929.2667       3.0518579      0.96340789       69.390282     0.021891755      0.11698458     0.057000856      -3.5776179       2.1759674       3.2658583       6.5738577       2.4297908       8.5335529       3.3599557       1.1603984      0.65932657   4.2897602e-05       -1.991648       8.9438055     -0.11456332       4.5284107    0.0041874711      0.99749413                 -19.815143                   0.227864                  -2.417613                  2.4951615                  0.2686904       1.0157715          1.000107         1.0695772          1.004722         1.0665805       0.97280228        1.0044054       0.99576538        1.0049949        1.0001328   2.1154612e-09      0.28841975      0.76014939      0.74533381       147.65766       8.0723831       428.19498       1408.8578       21.288818        21.288818       13815.956                 19.309728                 396.47881                      12.406446                         11957.794               0.16073802              3.0570482                         4.8545969                                  13.03625             1408.8578
              4       6929.2851       3.0518579      0.96340789       69.390282     0.021891755      0.11698458     0.057000856      -3.5776179       2.1759674       3.2658583       6.5738577       2.4297908       8.5335529       3.3599557       1.1603984      0.65932657   4.2897602e-05       -1.991648       8.9438055     -0.11456332       4.5284107    0.0041874711      0.99831597                 -19.815143                   0.227864                  -2.417613                  2.4951615                  0.2686904       1.0157715          1.000107         1.0695772          1.004722         1.0665805       0.97280228        1.0044054       0.99576538        1.0049949        1.0001328   2.1154612e-09      0.28841975      0.76014939      0.74533381       147.65766       8.0723831       428.78271       1408.8578       21.013342        21.013342       13816.543                 19.296513                 396.46836                      13.017839                         11957.794               0.16073802              3.0570482                         4.8545969                                  13.03625             1408.8578
              1       6928.5401       3.0518579      0.96340789       69.390282     0.021891755      0.11698458     0.057000856      -3.5776179       2.1759674       3.2658583       6.5738577       2.4297908       8.5335529       3.3599557       1.1603984      0.65932657   4.2897602e-05       -1.991648       8.9438055     -0.11456332       4.5284107    0.0041874711      0.99831597                 -19.815143                   0.227864                  -2.417613                  2.4951615                  0.2686904       1.0154059           1.00048         1.0706774         1.0060917         1.0676693       0.97391435        1.0043283       0.99574404        1.0050164        1.0000453   2.1154612e-09      0.28841975      0.76014939      0.74533381       147.65766       8.0723831       428.78271       1408.8578        20.12776         20.12776       13816.825                 19.296513                 396.46836                      13.017839                         11958.076               0.16073802              3.0570482                         4.8545969                                  13.03625             1408.8578
              1       6929.9933       3.0518579      0.96340789       69.390282     0.021891755      0.11698458     0.057000856      -3.5776179       2.1759674       3.2658583       6.5738577       2.4297908       8.5335529       3.3599557       1.1603984      0.65932657   4.2897602e-05       -1.991648       8.9438055     -0.11456332       4.5284107    0.0041874711      0.99831597                 -19.815143                   0.227864                  -2.417613                  2.4951615                  0.2686904       1.0150307         1.0019985         1.0694523         1.0062783         1.0689074       0.97398429        1.0043494       0.99570532        1.0051821        1.0005108   2.1154612e-09      0.28841975      0.76014939      0.74533381       147.65766       8.0723831       428.78271       1408.8578       19.843174        19.843174         13820.3                 19.296513                 396.46836                      13.017839                         11961.551               0.16073802              3.0570482                         4.8545969                                  13.03625             1408.8578
              1       6929.5856       3.0518579      0.96340789       69.390282     0.021891755      0.11698458     0.057000856      -3.5776179       2.1759674       3.2658583       6.5738577       2.4297908       8.5335529       3.3599557       1.1603984      0.65932657   4.2897602e-05       -1.991648       8.9438055     -0.11456332       4.5284107    0.0041874711      0.99831597                 -19.815143                   0.227864                  -2.417613                  2.4951615                  0.2686904       1.0154528         1.0008894          1.071769         1.0073012         1.0693405        0.9746713        1.0046153       0.99554254        1.0051469        1.0007294   2.1154612e-09      0.28841975      0.76014939      0.74533381       147.65766       8.0723831       428.78271       1408.8578        21.06445         21.06445       13817.042                 19.296513                 396.46836                      13.017839                         11958.293               0.16073802              3.0570482                         4.8545969                                  13.03625             1408.8578
              5       6931.3803       3.0518579      0.96340789       69.390282     0.021891755      0.11698458     0.057000856      -3.5776179       2.1759674       3.2658583       6.5738577       2.4297908       8.5335529       3.3599557       1.1603984      0.65932657   4.2897602e-05       -1.991648       8.9438055     -0.11456332       4.5284107    0.0041874711      0.99831597                 -19.815143                   0.227864                  -2.417613                  2.4951615                  0.2686904       1.0156071         1.0002606         1.0705766         1.0066354         1.0725707       0.97624067        1.0045299       0.99565277        1.0049651        1.0007659   2.1154612e-09      0.28841975      0.76014939      0.74533381       147.65766       8.0723831       428.78271       1408.8578       20.549981        20.549981       13821.661                 19.296513                 396.46836                      13.017839                         11962.911               0.16073802              3.0570482                         4.8545969                                  13.03625             1408.8578
