#        weight    minuslogpost            logA             n_s              H0         omega_b       omega_cdm        tau_reio          beta_s           a_tSZ           a_kSZ             a_p          beta_p             a_c          beta_c             a_s           a_gtt              xi       alpha_tSZ           a_gte          a_pste           a_gee          a_psee        A_planck bandint_shift_dr6_pa4_f220 bandint_shift_dr6_pa5_f090 bandint_shift_dr6_pa5_f150 bandint_shift_dr6_pa6_f090 bandint_shift_dr6_pa6_f150        calG_all calE_dr6_pa5_f090 calE_dr6_pa5_f150 calE_dr6_pa6_f090 calE_dr6_pa6_f150 cal_dr6_pa4_f220 cal_dr6_pa5_f090 cal_dr6_pa5_f150 cal_dr6_pa6_f090 cal_dr6_pa6_f150             A_s         Omega_m          sigma8              S8         rs_drag       chi2__BAO       chi2__CMB        chi2__SN   minuslogprior minuslogprior__0            chi2 chi2__planck_2018_lowl.TT chi2__planck_2018_lowl.EE chi2__planck_2018_lensing.clik chi2__act_dr6_mflike.ACTDR6MFLike chi2__bao.sixdf_2011_bao chi2__bao.sdss_dr7_mgs chi2__bao.sdss_dr12_consensus_bao chi2__likelihoods.desi_y1_bao.DESI_Y1_BAO chi2__sn.pantheonplus
              1       6597.7104       3.0485153      0.97780327       68.266142     0.022492709      0.11610898     0.049452359      -1.7633575       1.5487431       5.9534576       3.6207843       3.0942278       6.2750524       3.4819175       6.9346327       4.9004058      0.18950859       1.8186342       9.1663995     -0.39733243        3.773238      0.20340581      0.99753084                 -15.712821                 -1.5830748                 -3.3439151                 -3.6678545                 -1.7636642       1.0204408         1.0080828         1.0528946         1.0098527         1.0451099        0.9794318       0.99595839       0.99928193       0.99506771        1.0036653   2.1084018e-09      0.29740707      0.75183394       0.7485778       147.91771       5.6189899       430.74983       1406.5856       28.970478        28.970478        13137.48                 19.541324                 395.46905                      15.739449                         11280.007             0.0085492339              2.0090885                         3.6013522                                  14.51823             1406.5856
              1       6595.7553       3.0485153      0.97780327       68.266142     0.022492709      0.11610898     0.049452359      -1.7633575       1.5487431       5.9534576       3.6207843       3.0942278       6.2750524       3.4819175       6.9346327       4.9004058      0.18950859       1.8186342       9.1663995     -0.39733243        3.773238      0.20340581      0.99753084                 -15.712821                 -1.5830748                 -3.3439151                 -3.6678545                 -1.7636642       1.0209872         1.0025392         1.0576196         1.0185525         1.0473039       0.97267973       0.99655101       0.99878352       0.99487609        1.0034259   2.1084018e-09      0.29740707      0.75183394       0.7485778       147.91771       5.6189899       430.74983       1406.5856       30.588268        30.588268       13130.334                 19.541324                 395.46905                      15.739449                         11272.861             0.0085492339              2.0090885                         3.6013522                                  14.51823             1406.5856
              1       6568.2664       3.0485153      0.97780327       68.266142     0.022492709      0.11610898     0.049452359      -1.6127959        1.548557       5.9910393       3.6612811       3.0563739       6.2986285       3.4262402       6.9411811       4.6632735      0.15039964       1.5860256       9.1708727     -0.47683216       3.7734719      0.14267223      0.99753084                 -15.089119                 -1.4932337                 -2.9117815                 -3.0077584                 -2.3730815       1.0209872         1.0025392         1.0576196         1.0185525         1.0473039       0.97267973       0.99655101       0.99878352       0.99487609        1.0034259   2.1084018e-09      0.29740707      0.75183394       0.7485778       147.91771       5.6189899       430.74983       1406.5856       28.420799        28.420799       13079.691                 19.541324                 395.46905                      15.739449                         11222.219             0.0085492339              2.0090885                         3.6013522                                  14.51823             1406.5856
              1       6568.4775       3.0485153      0.97780327       68.266142     0.022492709      0.11610898     0.049452359      -1.6127959        1.548557       5.9910393       3.6612811       3.0563739       6.2986285       3.4262402       6.9411811       4.6632735      0.15039964       1.5860256       9.1708727     -0.47683216       3.7734719      0.14267223      0.99864019                 -15.089119                 -1.4932337                 -2.9117815                 -3.0077584                 -2.3730815       1.0209872         1.0025392         1.0576196         1.0185525         1.0473039       0.97267973       0.99655101       0.99878352       0.99487609        1.0034259   2.1084018e-09      0.29740707      0.75183394       0.7485778       147.91771       5.6189899       431.85171       1406.5856       28.080984        28.080984       13080.793                  19.54081                 395.46865                      16.842248                         11222.219             0.0085492339              2.0090885                         3.6013522                                  14.51823             1406.5856
              5       6441.4795       3.0485153      0.97780327       68.266142     0.022492709      0.11610898     0.049452359      -1.7208869       1.5555006       5.9010049       3.6503942       3.0522429       6.1410602       3.3611104       6.9443621       4.8496202      0.19270062       1.4560513       9.1720909     -0.46150587       3.7728897      0.25844975      0.99827555                 -14.928393                 -1.4501922                 -2.8827617                 -3.4511776                 -2.8038199       1.0209872         1.0025392         1.0576196         1.0185525         1.0473039       0.97267973       0.99655101       0.99878352       0.99487609        1.0034259   2.1084018e-09      0.29740707      0.75183394       0.7485778       147.91771       5.6189899       431.48748       1406.5856        29.78762         29.78762       12823.384                 19.540536                 395.47535                      16.471598                         10965.173             0.0085492339              2.0090885                         3.6013522                                  14.51823             1406.5856
              1       6440.6319       3.0485153      0.97780327       68.266142     0.022492709      0.11610898     0.049452359      -1.7208869       1.5555006       5.9010049       3.6503942       3.0522429       6.1410602       3.3611104       6.9443621       4.8496202      0.19270062       1.4560513       9.1720909     -0.46150587       3.7728897      0.25844975      0.99827555                 -14.928393                 -1.4501922                 -2.8827617                 -3.4511776                 -2.8038199       1.0208525         1.0034639         1.0579504         1.0183105         1.0477489       0.97256433       0.99660643       0.99876807       0.99490944        1.0033499   2.1084018e-09      0.29740707      0.75183394       0.7485778       147.91771       5.6189899       431.48748       1406.5856       29.326659        29.326659       12822.611                 19.540536                 395.47535                      16.471598                           10964.4             0.0085492339              2.0090885                         3.6013522                                  14.51823             1406.5856
              1       6435.2015       3.0485153      0.97780327       68.266142     0.022492709      0.11610898     0.049452359      -1.7208869       1.5555006       5.9010049       3.6503942       3.0522429       6.1410602       3.3611104       6.9443621       4.8496202      0.19270062       1.4560513       9.1720909     -0.46150587       3.7728897      0.25844975      0.99827555                 -14.928393                 -1.4501922                 -2.8827617                 -3.4511776                 -2.8038199       1.0189153         1.0010776         1.0508252         1.0139846         1.0488031       0.95778711       0.99727737       0.99987063        0.9952599        1.0051166   2.1084018e-09      0.29740707      0.75183394       0.7485778       147.91771       5.6189899       431.48748       1406.5856       27.869417        27.869417       12814.664                 19.540536                 395.47535                      16.471598                         10956.454             0.0085492339              2.0090885                         3.6013522                                  14.51823             1406.5856
              2       6432.6498       3.0485153      0.97780327       68.266142     0.022492709      0.11610898     0.049452359      -1.7208869       1.5555006       5.9010049       3.6503942       3.0522429       6.1410602       3.3611104       6.9443621       4.8496202      0.19270062       1.4560513       9.1720909     -0.46150587       3.7728897      0.25844975      0.99827555                 -14.928393                 -1.4501922                 -2.8827617                 -3.4511776                 -2.8038199       1.0205732         1.0048291          1.048909         1.0153778         1.0464829       0.95651718       0.99803621        1.0007448       0.99467186        1.0046131   2.1084018e-09      0.29740707      0.75183394       0.7485778       147.91771       5.6189899       431.48748       1406.5856       31.689471        31.689471       12801.921                 19.540536                 395.47535                      16.471598                          10943.71             0.0085492339              2.0090885                         3.6013522                                  14.51823             1406.5856
              1       6432.4561       3.0485153      0.97780327       68.266142     0.022492709      0.11610898     0.049452359      -1.7235608       1.5589008       5.9035491       3.6449609       3.0515877       6.1422112       3.3613218       6.9446374        4.852656      0.19567411       1.4610969       9.1720872     -0.46403377       3.7728637      0.25663699      0.99389069                 -14.781639                 -1.4351484                  -2.805937                  -3.487354                 -2.7989573       1.0218763        0.99961493         1.0450695         1.0163047         1.0472495        0.9656129       0.99738069        1.0011585       0.99571171        1.0038546   2.1084018e-09      0.29740707      0.75183394       0.7485778       147.91771       5.6189899       427.67094       1406.5856       33.756413        33.756413       12797.399                 19.570889                 395.45242                      12.647636                         10943.006             0.0085492339              2.0090885                         3.6013522                                  14.51823             1406.5856
              1       6422.8881       3.0485153      0.97780327       68.266142     0.022492709      0.11610898     0.049452359      -1.7235608       1.5589008       5.9035491       3.6449609       3.0515877       6.1422112       3.3613218       6.9446374        4.852656      0.19567411       1.4610969       9.1720872     -0.46403377       3.7728637      0.25663699      0.99363883                 -14.781639                 -1.4351484                  -2.805937                  -3.487354                 -2.7989573       1.0203057         1.0050192         1.0501345         1.0195072         1.0464752       0.96170783        0.9977834        1.0013688        0.9968365        1.0043703   2.1084018e-09      0.29740707      0.75183394       0.7485778       147.91771       5.6189899         427.491       1406.5856       29.927487        29.927487       12785.921                 19.574535                 395.45242                      12.464053                         10931.707             0.0085492339              2.0090885                         3.6013522                                  14.51823             1406.5856
              3       6423.7628       3.0485153      0.97780327       68.266142     0.022492709      0.11610898     0.049452359      -1.7235608       1.5589008       5.9035491       3.6449609       3.0515877       6.1422112       3.3613218       6.9446374        4.852656      0.19567411       1.4610969       9.1720872     -0.46403377       3.7728637      0.25663699      0.99363883                 -14.781639                 -1.4351484                  -2.805937                  -3.487354                 -2.7989573       1.0206706         1.0051451         1.0499228         1.0169968         1.0456099       0.96452731       0.99797187        1.0010378       0.99647724        1.0041375   2.1084018e-09      0.29740707      0.75183394       0.7485778       147.91771       5.6189899         427.491       1406.5856        30.08591         30.08591       12787.354                 19.574535                 395.45242                      12.464053                          10933.14             0.0085492339              2.0090885                         3.6013522                                  14.51823             1406.5856
              2       6424.2758       3.0485153      0.97780327       68.266142     0.022492709      0.11610898     0.049452359      -1.7235608       1.5589008       5.9035491       3.6449609       3.0515877       6.1422112       3.3613218       6.9446374        4.852656      0.19567411       1.4610969       9.1720872     -0.46403377       3.7728637      0.25663699      0.99406838                 -14.781639                 -1.4351484                  -2.805937                  -3.487354                 -2.7989573       1.0207019         1.0044851         1.0503897         1.0179976         1.0459092       0.96351892       0.99811567        1.0009573       0.99657876        1.0040516   2.1084018e-09      0.29740707      0.75183394       0.7485778       147.91771       5.6189899       427.80415       1406.5856       29.650089        29.650089       12789.251                 19.568443                 395.45616                      12.779551                         10934.724             0.0085492339              2.0090885                         3.6013522                                  14.51823             1406.5856
              1       6423.0835       3.0485153      0.97780327       68.266142     0.022492709      0.11610898     0.049452359      -1.7235608       1.5589008       5.9035491       3.6449609       3.0515877       6.1422112       3.3613218       6.9446374        4.852656      0.19567411       1.4610969       9.1720872     -0.46403377       3.7728637      0.25663699      0.99506535                 -14.781639                 -1.4351484                  -2.805937                  -3.487354                 -2.7989573       1.0207852          1.004989         1.0517713         1.0165416         1.0452863       0.96397892       0.99798278        1.0011983       0.99663052        1.0040096   2.1084018e-09      0.29740707      0.75183394       0.7485778       147.91771       5.6189899       428.59698       1406.5856       28.959322        28.959322       12788.248                 19.556644                 395.48421                      13.556125                         10932.929             0.0085492339              2.0090885                         3.6013522                                  14.51823             1406.5856
              1       6423.2176       3.0485153      0.97780327       68.266142     0.022492709      0.11610898     0.049452359      -1.7235608       1.5589008       5.9035491       3.6449609       3.0515877       6.1422112       3.3613218       6.9446374        4.852656      0.19567411       1.4610969       9.1720872     -0.46403377       3.7728637      0.25663699      0.99506535                 -14.781639                 -1.4351484                  -2.805937                  -3.487354                 -2.7989573       1.0207102         1.0035406          1.050609         1.0161339         1.0457324       0.96487793       0.99812392         1.001255       0.99661984        1.0040318   2.1084018e-09      0.29740707      0.75183394       0.7485778       147.91771       5.6189899       428.59698       1406.5856       28.533955        28.533955       12789.367                 19.556644                 395.48421                      13.556125                         10934.047             0.0085492339              2.0090885                         3.6013522                                  14.51823             1406.5856
              2       6417.5925       3.0485153      0.97780327       68.266142     0.022492709      0.11610898     0.049452359      -1.7396033       1.5547575       5.9022245       3.6554017       3.0511265       6.1449145        3.359292       6.9448842       4.8594012      0.19491576       1.4532174       9.1725148     -0.46207695       3.7727986      0.25349346      0.99507765                  -14.74328                 -1.5095409                 -2.8629069                 -3.5005363                 -2.7845956       1.0207102         1.0035406          1.050609         1.0161339         1.0457324       0.96487793       0.99812392         1.001255       0.99661984        1.0040318   2.1084018e-09      0.29740707      0.75183394       0.7485778       147.91771       5.6189899       428.60682       1406.5856       28.684493        28.684493       12777.816                 19.556517                 395.48421                      13.566088                         10922.486             0.0085492339              2.0090885                         3.6013522                                  14.51823             1406.5856
              1       6417.4757       3.0485153      0.97780327       68.266142     0.022492709      0.11610898     0.049452359      -1.7396033       1.5547575       5.9022245       3.6554017       3.0511265       6.1449145        3.359292       6.9448842       4.8594012      0.19491576       1.4532174       9.1725148     -0.46207695       3.7727986      0.25349346      0.99507765                  -14.74328                 -1.5095409                 -2.8629069                 -3.5005363                 -2.7845956       1.0206981         1.0036238         1.0508902         1.0161518         1.0458602       0.96475552       0.99811636        1.0012566       0.99662975        1.0040394   2.1084018e-09      0.29740707      0.75183394       0.7485778       147.91771       5.6189899       428.60682       1406.5856       28.683188        28.683188       12777.585                 19.556517                 395.48421                      13.566088                         10922.255             0.0085492339              2.0090885                         3.6013522                                  14.51823             1406.5856
              1       6417.6101       3.0485153      0.97780327       68.266142     0.022492709      0.11610898     0.049452359      -1.7410708       1.5548267       5.9021152       3.6554422       3.0511721       6.1443493       3.3593075       6.9448102       4.8589696      0.19497147       1.4530357       9.1725116     -0.46220708       3.7727988      0.25375209      0.99507765                 -14.760204                 -1.5102628                 -2.8626394                 -3.4985289                 -2.7808122       1.0206981         1.0036238         1.0508902         1.0161518         1.0458602       0.96475552       0.99811636        1.0012566       0.99662975        1.0040394   2.1084018e-09      0.29740707      0.75183394       0.7485778       147.91771       5.6189899       428.60682       1406.5856        28.68951         28.68951       12777.841                 19.556517                 395.48421                      13.566088                         10922.512             0.0085492339              2.0090885                         3.6013522                                  14.51823             1406.5856
              1       6394.3493       3.0464941      0.97800246        68.46977     0.022655036      0.11606535     0.045541872      -1.7410708       1.5548267       5.9021152       3.6554422       3.0511721       6.1443493       3.3593075       6.9448102       4.8589696      0.19497147       1.4530357       9.1725116     -0.46220708       3.7727988      0.25375209      0.99507765                 -14.760204                 -1.5102628                 -2.8626394                 -3.4985289                 -2.7808122       1.0206981         1.0036238         1.0508902         1.0161518         1.0458602       0.96475552       0.99811636        1.0012566       0.99662975        1.0040394   2.1041445e-09      0.29589392      0.75044326      0.74528993       147.74748       5.7467056       427.59948       1406.9279        28.68951         28.68951        12731.32                 19.607344                 395.95434                      12.037797                         10876.889               0.01689353              2.1292935                         3.6005185                                 14.156686             1406.9279
              1       6393.9752       3.0464941      0.97800246        68.46977     0.022655036      0.11606535     0.045541872      -1.7410708       1.5548267       5.9021152       3.6554422       3.0511721       6.1443493       3.3593075       6.9448102       4.8589696      0.19497147       1.4530357       9.1725116     -0.46220708       3.7727988      0.25375209      0.99870605                 -14.760204                 -1.5102628                 -2.8626394                 -3.4985289                 -2.7808122       1.0206981         1.0036238         1.0508902         1.0161518         1.0458602       0.96475552       0.99811636        1.0012566       0.99662975        1.0040394   2.1041445e-09      0.29589392      0.75044326      0.74528993       147.74748       5.7467056       430.46007       1406.9279       26.885088        26.885088        12734.18                 19.567767                 395.98102                      14.911281                         10876.889               0.01689353              2.1292935                         3.6005185                                 14.156686             1406.9279
              1         6384.04       3.0464941      0.97800246        68.46977     0.022655036      0.11606535     0.045541872      -1.7728158       1.5525823       5.8915262       3.6454761       3.0514275       6.1444681       3.3619575       6.9435557       4.8808389      0.18773778       1.4234214       9.1707841     -0.46347469       3.7729375      0.23210987      0.99870605                 -14.813227                 -1.7453288                  -2.739062                 -3.4699427                 -2.8786848       1.0206981         1.0036238         1.0508902         1.0161518         1.0458602       0.96475552       0.99811636        1.0012566       0.99662975        1.0040394   2.1041445e-09      0.29589392      0.75044326      0.74528993       147.74748       5.7467056       430.46007       1406.9279       27.283139        27.283139       12713.514                 19.567767                 395.98102                      14.911281                         10856.222               0.01689353              2.1292935                         3.6005185                                 14.156686             1406.9279
              1       6383.9084       3.0464941      0.97800246        68.46977     0.022655036      0.11606535     0.045541872      -1.7728158       1.5525823       5.8915262       3.6454761       3.0514275       6.1444681       3.3619575       6.9435557       4.8808389      0.18773778       1.4234214       9.1707841     -0.46347469       3.7729375      0.23210987       0.9967573                 -14.813227                 -1.7453288                  -2.739062                 -3.4699427                 -2.8786848       1.0206981         1.0036238         1.0508902         1.0161518         1.0458602       0.96475552       0.99811636        1.0012566       0.99662975        1.0040394   2.1041445e-09      0.29589392      0.75044326      0.74528993       147.74748       5.7467056       428.78242       1406.9279       27.990405        27.990405       12711.836                 19.583799                 395.93212                      13.266496                         10856.222               0.01689353              2.1292935                         3.6005185                                 14.156686             1406.9279
              2       6384.0965       3.0464941      0.97800246        68.46977     0.022655036      0.11606535     0.045541872      -1.7728158       1.5525823       5.8915262       3.6454761       3.0514275       6.1444681       3.3619575       6.9435557       4.8808389      0.18773778       1.4234214       9.1707841     -0.46347469       3.7729375      0.23210987      0.99593052                 -14.813227                 -1.7453288                  -2.739062                 -3.4699427                 -2.8786848       1.0206981         1.0036238         1.0508902         1.0161518         1.0458602       0.96475552       0.99811636        1.0012566       0.99662975        1.0040394   2.1041445e-09      0.29589392      0.75044326      0.74528993       147.74748       5.7467056       428.19123       1406.9279       28.474049        28.474049       12711.245                  19.59424                 395.95735                      12.639642                         10856.222               0.01689353              2.1292935                         3.6005185                                 14.156686             1406.9279
              1       6384.4685       3.0464941      0.97800246        68.46977     0.022655036      0.11606535     0.045541872      -1.7728158       1.5525823       5.8915262       3.6454761       3.0514275       6.1444681       3.3619575       6.9435557       4.8808389      0.18773778       1.4234214       9.1707841     -0.46347469       3.7729375      0.23210987      0.99593052                 -14.813227                 -1.7453288                  -2.739062                 -3.4699427                 -2.8786848        1.019844         1.0053359          1.051397         1.0155681         1.0501449       0.96440459       0.99827784        1.0015621       0.99672948        1.0040534   2.1041445e-09      0.29589392      0.75044326      0.74528993       147.74748       5.7467056       428.19123       1406.9279       26.525567        26.525567       12715.886                  19.59424                 395.95735                      12.639642                         10860.863               0.01689353              2.1292935                         3.6005185                                 14.156686             1406.9279
              1       6373.8414       3.0464941      0.97800246        68.46977     0.022655036      0.11606535     0.045541872      -1.7704828       1.5500531       5.8816069       3.6441001       3.0520612       6.1304438       3.3658285       6.9431093       4.8873558      0.19232116       1.4163341       9.1706102     -0.45198371       3.7728995       0.2337133      0.99593052                 -14.746526                 -1.7753711                 -2.7632973                 -3.4184188                 -2.8984912        1.019844         1.0053359          1.051397         1.0155681         1.0501449       0.96440459       0.99827784        1.0015621       0.99672948        1.0040534   2.1041445e-09      0.29589392      0.75044326      0.74528993       147.74748       5.7467056       428.19123       1406.9279       26.465886        26.465886       12694.751                  19.59424                 395.95735                      12.639642                         10839.728               0.01689353              2.1292935                         3.6005185                                 14.156686             1406.9279
              2       6371.2962       3.0464941      0.97800246        68.46977     0.022655036      0.11606535     0.045541872      -1.7698653        1.547458       5.8931439       3.6409164       3.0514772        6.116112       3.3628458       6.9433952         4.88967      0.19322508       1.4138929       9.1699611     -0.44703794       3.7730078      0.22632965      0.99593052                 -14.593543                 -1.7304626                 -2.7224217                 -3.3878983                 -2.8341732        1.019844         1.0053359          1.051397         1.0155681         1.0501449       0.96440459       0.99827784        1.0015621       0.99672948        1.0040534   2.1041445e-09      0.29589392      0.75044326      0.74528993       147.74748       5.7467056       428.19123       1406.9279       25.923166        25.923166       12690.746                  19.59424                 395.95735                      12.639642                         10835.723               0.01689353              2.1292935                         3.6005185                                 14.156686             1406.9279
              5       6370.8963       3.0464941      0.97800246        68.46977     0.022655036      0.11606535     0.045541872      -1.7698653        1.547458       5.8931439       3.6409164       3.0514772        6.116112       3.3628458       6.9433952         4.88967      0.19322508       1.4138929       9.1699611     -0.44703794       3.7730078      0.22632965      0.99557332                 -14.593543                 -1.7304626                 -2.7224217                 -3.3878983                 -2.8341732       1.0199628         1.0061547         1.0509899         1.0154606         1.0501033         0.964834        0.9982487        1.0015111       0.99680371        1.0040455   2.1041445e-09      0.29589392      0.75044326      0.74528993       147.74748       5.7467056       427.93882       1406.9279       26.259231        26.259231       12689.274                 19.599446                 395.95735                      12.382025                         10834.504               0.01689353              2.1292935                         3.6005185                                 14.156686             1406.9279
              3       6364.1078       3.0464941      0.97800246        68.46977     0.022655036      0.11606535     0.045541872      -1.7636656       1.5435793       5.8882138       3.6392217       3.0499803       6.1194474        3.362192        6.944849       4.8858057      0.19604225        1.405578       9.1704176     -0.44810647        3.773022       0.2288161      0.99547558                 -14.413216                 -1.7621555                 -2.7034445                 -3.4541893                 -2.9080339       1.0199628         1.0061547         1.0509899         1.0154606         1.0501033         0.964834        0.9982487        1.0015111       0.99680371        1.0040455   2.1041445e-09      0.29589392      0.75044326      0.74528993       147.74748       5.7467056       427.87122       1406.9279       26.485049        26.485049       12675.246                 19.600944                 395.95735                      12.312925                         10820.543               0.01689353              2.1292935                         3.6005185                                 14.156686             1406.9279
              2       6364.7006       3.0464941      0.97800246        68.46977     0.022655036      0.11606535     0.045541872      -1.7636656       1.5435793       5.8882138       3.6392217       3.0499803       6.1194474        3.362192        6.944849       4.8858057      0.19604225        1.405578       9.1704176     -0.44810647        3.773022       0.2288161       0.9943532                 -14.413216                 -1.7621555                 -2.7034445                 -3.4541893                 -2.9080339       1.0208641         1.0085373         1.0522234         1.0174822         1.0506128       0.96691443       0.99814359        1.0009131       0.99628809        1.0041172   2.1041445e-09      0.29589392      0.75044326      0.74528993       147.74748       5.7467056       427.12253       1406.9279       29.515923        29.515923       12670.369                 19.620293                 395.93966                      11.562576                         10816.415               0.01689353              2.1292935                         3.6005185                                 14.156686             1406.9279
              1       6364.6975       3.0464941      0.97800246        68.46977     0.022655036      0.11606535     0.045541872      -1.7636656       1.5435793       5.8882138       3.6392217       3.0499803       6.1194474        3.362192        6.944849       4.8858057      0.19604225        1.405578       9.1704176     -0.44810647        3.773022       0.2288161      0.99435841                 -14.413216                 -1.7621555                 -2.7034445                 -3.4541893                 -2.9080339       1.0208641         1.0085373         1.0522234         1.0174822         1.0506128       0.96691443       0.99814359        1.0009131       0.99628809        1.0041172   2.1041445e-09      0.29589392      0.75044326      0.74528993       147.74748       5.7467056       427.12573       1406.9279       29.511215        29.511215       12670.373                 19.620195                 395.93966                      11.565876                         10816.415               0.01689353              2.1292935                         3.6005185                                 14.156686             1406.9279
              1       6364.5763       3.0464941      0.97800246        68.46977     0.022655036      0.11606535     0.045541872      -1.7554858       1.5428225       5.8672336       3.6461202       3.0585374       6.1058831        3.385416       6.9497893       4.8714381      0.19646964       1.4065234       9.1733749     -0.42522991       3.7733027      0.22124677      0.99435841                  -14.02775                  -1.973499                 -2.5328047                 -3.5925541                 -2.9670666       1.0208847         1.0087118         1.0524769         1.0173036         1.0505226       0.96690875       0.99812525        1.0009231       0.99625881        1.0041089   2.1041445e-09      0.29589392      0.75044326      0.74528993       147.74748       5.7467056       427.12573       1406.9279       29.792656        29.792656       12669.567                 19.620195                 395.93966                      11.565876                          10815.61               0.01689353              2.1292935                         3.6005185                                 14.156686             1406.9279
              2       6364.4843       3.0464941      0.97800246        68.46977     0.022655036      0.11606535     0.045541872      -1.7554858       1.5428225       5.8672336       3.6461202       3.0585374       6.1058831        3.385416       6.9497893       4.8714381      0.19646964       1.4065234       9.1733749     -0.42522991       3.7733027      0.22124677      0.99451701                  -14.02775                  -1.973499                 -2.5328047                 -3.5925541                 -2.9670666       1.0208847         1.0087118         1.0524769         1.0173036         1.0505226       0.96690875       0.99812525        1.0009231       0.99625881        1.0041089   2.1041445e-09      0.29589392      0.75044326      0.74528993       147.74748       5.7467056       427.22402       1406.9279        29.65151         29.65151       12669.666                 19.617232                 395.93966                      11.667126                          10815.61               0.01689353              2.1292935                         3.6005185                                 14.156686             1406.9279
              1       6364.4835       3.0464941      0.97800246        68.46977     0.022655036      0.11606535     0.045541872      -1.7554749       1.5428179       5.8672472       3.6461054        3.058533       6.1058651       3.3854156       6.9497889       4.8714815      0.19646758       1.4065156       9.1733747     -0.42521995       3.7733027      0.22124219      0.99451701                 -14.027587                 -1.9735222                 -2.5328427                 -3.5925721                 -2.9670985       1.0208847         1.0087118         1.0524769         1.0173036         1.0505226       0.96690875       0.99812525        1.0009231       0.99625881        1.0041089   2.1041445e-09      0.29589392      0.75044326      0.74528993       147.74748       5.7467056       427.22402       1406.9279       29.651559        29.651559       12669.664                 19.617232                 395.93966                      11.667126                         10815.609               0.01689353              2.1292935                         3.6005185                                 14.156686             1406.9279
              1       6364.3194       3.0464941      0.97800246        68.46977     0.022655036      0.11606535     0.045541872      -1.7554749       1.5428179       5.8672472       3.6461054        3.058533       6.1058651       3.3854156       6.9497889       4.8714815      0.19646758       1.4065156       9.1733747     -0.42521995       3.7733027      0.22124219      0.99485906                 -14.027587                 -1.9735222                 -2.5328427                 -3.5925721                 -2.9670985       1.0208847         1.0087118         1.0524769         1.0173036         1.0505226       0.96690875       0.99812525        1.0009231       0.99625881        1.0041089   2.1041445e-09      0.29589392      0.75044326      0.74528993       147.74748       5.7467056       427.47718       1406.9279       29.360849        29.360849       12669.917                 19.611081                 395.97518                      11.890913                         10815.609               0.01689353              2.1292935                         3.6005185                                 14.156686             1406.9279
              2       6338.7667       3.0464941      0.97800246        68.46977     0.022655036      0.11606535     0.045541872      -1.7947772       1.5392736       5.8398694       3.6417518       3.0616479       6.1462118       3.3859978       6.9494543       4.9135078      0.19241265       1.2805848       9.1740465     -0.42380484       3.7732926      0.24756521      0.99485906                 -14.518599                  -1.833565                 -2.2621881                 -3.9201786                 -2.8838468       1.0208847         1.0087118         1.0524769         1.0173036         1.0505226       0.96690875       0.99812525        1.0009231       0.99625881        1.0041089   2.1041445e-09      0.29589392      0.75044326      0.74528993       147.74748       5.7467056       427.47718       1406.9279       29.904542        29.904542       12617.724                 19.611081                 395.97518                      11.890913                         10763.416               0.01689353              2.1292935                         3.6005185                                 14.156686             1406.9279
              1       6338.7618       3.0464941      0.97800246        68.46977     0.022655036      0.11606535     0.045541872      -1.7947772       1.5392736       5.8398694       3.6417518       3.0616479       6.1462118       3.3859978       6.9494543       4.9135078      0.19241265       1.2805848       9.1740465     -0.42380484       3.7732926      0.24756521      0.99485906                 -14.518599                  -1.833565                 -2.2621881                 -3.9201786                 -2.8838468       1.0208883         1.0087376         1.0524718          1.017332         1.0504963       0.96688594       0.99812536        1.0009233        0.9962606        1.0041051   2.1041445e-09      0.29589392      0.75044326      0.74528993       147.74748       5.7467056       427.47718       1406.9279       29.912679        29.912679       12617.698                 19.611081                 395.97518                      11.890913                          10763.39               0.01689353              2.1292935                         3.6005185                                 14.156686             1406.9279
              1       6338.7546       3.0464941      0.97800246        68.46977     0.022655036      0.11606535     0.045541872      -1.7947772       1.5392736       5.8398694       3.6417518       3.0616479       6.1462118       3.3859978       6.9494543       4.9135078      0.19241265       1.2805848       9.1740465     -0.42380484       3.7732926      0.24756521      0.99487286                 -14.518599                  -1.833565                 -2.2621881                 -3.9201786                 -2.8838468       1.0210408         1.0087027          1.055031         1.0183409         1.0522267       0.96844322        0.9981561        1.0008469       0.99620871        1.0040573   2.1041445e-09      0.29589392      0.75044326      0.74528993       147.74748       5.7467056       427.48742       1406.9279       29.945775        29.945775       12617.618                  19.61084                 395.97648                      11.900097                         10763.299               0.01689353              2.1292935                         3.6005185                                 14.156686             1406.9279
              1       6311.7437       3.0464941      0.97800246        68.46977     0.022655036      0.11606535     0.045541872       -1.772829       1.5447181       5.8408961       3.6103585       3.0690081       6.0752068       3.3838818       6.9529727       4.9023816      0.19744111       1.2239781       9.1757902      -0.4074648       3.7736263       0.2542191       0.9931688                 -14.777445                 -2.0319022                 -2.7301663                 -4.0911467                 -3.0051766       1.0210408         1.0087027          1.055031         1.0183409         1.0522267       0.96844322        0.9981561        1.0008469       0.99620871        1.0040573   2.1041445e-09      0.29589392      0.75044326      0.74528993       147.74748       5.7467056       426.45548       1406.9279       33.713933        33.713933       12556.059                 19.644859                 395.95316                       10.85746                         10702.773               0.01689353              2.1292935                         3.6005185                                 14.156686             1406.9279
              1       6314.2216       3.0464941      0.97800246        68.46977     0.022655036      0.11606535     0.045541872      -1.7695075       1.5554403       5.8369528       3.6116604       3.0673138       6.0758408       3.3817037       6.9531696        4.898251      0.19170459       1.2167436       9.1757825     -0.41181551       3.7736759       0.2522631      0.99142445                 -14.680645                 -2.0718854                 -2.6887166                 -3.9804201                 -3.0504087       1.0210408         1.0087027          1.055031         1.0183409         1.0522267       0.96844322        0.9981561        1.0008469       0.99620871        1.0040573   2.1041445e-09      0.29589392      0.75044326      0.74528993       147.74748       5.7467056        425.6133       1406.9279       35.572356        35.572356       12557.299                 19.689779                 395.94041                      9.9831118                         10704.854               0.01689353              2.1292935                         3.6005185                                 14.156686             1406.9279
              2       6275.1558       3.0538998      0.97587075       68.261871     0.022420582      0.11597331     0.044203387      -1.7695075       1.5554403       5.8369528       3.6116604       3.0673138       6.0758408       3.3817037       6.9531696        4.898251      0.19170459       1.2167436       9.1757825     -0.41181551       3.7736759       0.2522631      0.99142445                 -14.680645                 -2.0718854                 -2.6887166                 -3.9804201                 -3.0504087       1.0210408         1.0087027          1.055031         1.0183409         1.0522267       0.96844322        0.9981561        1.0008469       0.99620871        1.0040573   2.1197852e-09      0.29699838      0.75318484      0.74940741       148.03479        5.651941       424.52344       1406.6764       35.572356        35.572356       12479.167                 19.959451                 396.11339                      8.4506007                         10628.024              0.011638455               2.058885                         3.5814176                                 14.290825             1406.6764
              3       6268.7285       3.0538998      0.97587075       68.261871     0.022420582      0.11597331     0.044203387      -1.7696084       1.5572345       5.8558886       3.6180395       3.0646881       6.0665636       3.3770146       6.9538147        4.898804      0.19846808       1.2072952       9.1759453     -0.41464759       3.7735926      0.25451355      0.99142445                 -14.532551                 -2.1574714                 -2.6512333                 -4.0092554                 -2.9525207       1.0205124          1.008874         1.0570524         1.0185032         1.0485915        0.9680838       0.99822705        1.0010774       0.99693171        1.0042033   2.1197852e-09      0.29699838      0.75318484      0.74940741       148.03479        5.651941       424.52344       1406.6764       33.556761        33.556761       12470.343                 19.959451                 396.11339                      8.4506007                         10619.201              0.011638455               2.058885                         3.5814176                                 14.290825             1406.6764
              2       6266.8921       3.0538998      0.97587075       68.261871     0.022420582      0.11597331     0.044203387      -1.7696084       1.5572345       5.8558886       3.6180395       3.0646881       6.0665636       3.3770146       6.9538147        4.898804      0.19846808       1.2072952       9.1759453     -0.41464759       3.7735926      0.25451355      0.99292073                 -14.532551                 -2.1574714                 -2.6512333                 -4.0092554                 -2.9525207       1.0205124          1.008874         1.0570524         1.0185032         1.0485915        0.9680838       0.99822705        1.0010774       0.99693171        1.0042033   2.1197852e-09      0.29699838      0.75318484      0.74940741       148.03479        5.651941       424.59862       1406.6764        31.68284         31.68284       12470.419                 19.885199                 396.16494                      8.5484777                         10619.201              0.011638455               2.058885                         3.5814176                                 14.290825             1406.6764
              1       6258.7222       3.0538998      0.97587075       68.261871     0.022420582      0.11597331     0.044203387      -1.7314752       1.5551698       5.8424601       3.6244527       3.0671096       6.0894366       3.3740651       6.9541235        4.920331      0.19216497        1.183018        9.177209     -0.41007609       3.7736888      0.25952849      0.99240172                 -14.644815                 -2.1378308                 -2.7181425                 -3.9070138                 -2.9301146       1.0205124          1.008874         1.0570524         1.0185032         1.0485915        0.9680838       0.99822705        1.0010774       0.99693171        1.0042033   2.1197852e-09      0.29699838      0.75318484      0.74940741       148.03479        5.651941        424.5449       1406.6764       32.147248        32.147248        12453.15                 19.910087                 396.13733                      8.4974891                         10601.986              0.011638455               2.058885                         3.5814176                                 14.290825             1406.6764
              2        6256.986       3.0538998      0.97587075       68.261871     0.022420582      0.11597331     0.044203387      -1.7575424       1.5630452       5.8770237        3.623486       3.0780295        6.061098       3.3704841        6.953033       4.8964833      0.19988597       1.1387686       9.1759764     -0.38445929       3.7737686      0.29319115      0.99240172                  -13.89827                 -2.5794933                  -2.510211                 -3.8673398                 -2.8939788       1.0205124          1.008874         1.0570524         1.0185032         1.0485915        0.9680838       0.99822705        1.0010774       0.99693171        1.0042033   2.1197852e-09      0.29699838      0.75318484      0.74940741       148.03479        5.651941        424.5449       1406.6764       31.851183        31.851183        12450.27                 19.910087                 396.13733                      8.4974891                         10599.106              0.011638455               2.058885                         3.5814176                                 14.290825             1406.6764
              1       6255.9935       3.0538998      0.97587075       68.261871     0.022420582      0.11597331     0.044203387      -1.7575424       1.5630452       5.8770237        3.623486       3.0780295        6.061098       3.3704841        6.953033       4.8964833      0.19988597       1.1387686       9.1759764     -0.38445929       3.7737686      0.29319115      0.99212947                  -13.89827                 -2.5794933                  -2.510211                 -3.8673398                 -2.8939788       1.0204091         1.0132923         1.0553474         1.0176023         1.0492788       0.97102224       0.99794836        1.0009653       0.99728272        1.0042373   2.1197852e-09      0.29699838      0.75318484      0.74940741       148.03479        5.651941       424.53881       1406.6764       31.314933        31.314933       12449.357                 19.923521                 396.13733                      8.4779638                         10598.199              0.011638455               2.058885                         3.5814176                                 14.290825             1406.6764
              1       6255.9859       3.0538998      0.97587075       68.261871     0.022420582      0.11597331     0.044203387      -1.7575424       1.5630452       5.8770237        3.623486       3.0780295        6.061098       3.3704841        6.953033       4.8964833      0.19988597       1.1387686       9.1759764     -0.38445929       3.7737686      0.29319115      0.99212947                  -13.89827                 -2.5794933                  -2.510211                 -3.8673398                 -2.8939788       1.0203979         1.0132944         1.0556896         1.0169416         1.0498965       0.97110572       0.99791805        1.0009539       0.99723294         1.004247   2.1197852e-09      0.29699838      0.75318484      0.74940741       148.03479        5.651941       424.53881       1406.6764       31.346287        31.346287       12449.279                 19.923521                 396.13733                      8.4779638                         10598.121              0.011638455               2.058885                         3.5814176                                 14.290825             1406.6764
              1        6254.619       3.0538998      0.97587075       68.261871     0.022420582      0.11597331     0.044203387      -1.7575424       1.5630452       5.8770237        3.623486       3.0780295        6.061098       3.3704841        6.953033       4.8964833      0.19988597       1.1387686       9.1759764     -0.38445929       3.7737686      0.29319115      0.99334702                  -13.89827                 -2.5794933                  -2.510211                 -3.8673398                 -2.8939788       1.0203979         1.0132944         1.0556896         1.0169416         1.0498965       0.97110572       0.99791805        1.0009539       0.99723294         1.004247   2.1197852e-09      0.29699838      0.75318484      0.74940741       148.03479        5.651941       424.63418       1406.6764       29.931644        29.931644       12449.375                  19.86543                 396.16494                      8.6038145                         10598.121              0.011638455               2.058885                         3.5814176                                 14.290825             1406.6764
              1       6253.1279       3.0538998      0.97587075       68.261871     0.022420582      0.11597331     0.044203387      -1.7575424       1.5630452       5.8770237        3.623486       3.0780295        6.061098       3.3704841        6.953033       4.8964833      0.19988597       1.1387686       9.1759764     -0.38445929       3.7737686      0.29319115      0.99424123                  -13.89827                 -2.5794933                  -2.510211                 -3.8673398                 -2.8939788       1.0205136         1.0139272         1.0559492         1.0172129         1.0496549        0.9714084       0.99791695        1.0008835       0.99723741        1.0043105   2.1197852e-09      0.29699838      0.75318484      0.74940741       148.03479        5.651941       424.73907       1406.6764       29.283253        29.283253       12447.689                 19.825845                 396.15411                      8.7591107                         10596.331              0.011638455               2.058885                         3.5814176                                 14.290825             1406.6764
              3       6252.4585       3.0538998      0.97587075       68.261871     0.022420582      0.11597331     0.044203387      -1.7575424       1.5630452       5.8770237        3.623486       3.0780295        6.061098       3.3704841        6.953033       4.8964833      0.19988597       1.1387686       9.1759764     -0.38445929       3.7737686      0.29319115      0.99510765                  -13.89827                 -2.5794933                  -2.510211                 -3.8673398                 -2.8939788       1.0205136         1.0139272         1.0559492         1.0172129         1.0496549        0.9714084       0.99791695        1.0008835       0.99723741        1.0043105   2.1197852e-09      0.29699838      0.75318484      0.74940741       148.03479        5.651941       424.87684       1406.6764       28.544987        28.544987       12447.827                 19.789685                 396.12724                       8.959906                         10596.331              0.011638455               2.058885                         3.5814176                                 14.290825             1406.6764
              1       6234.1809       3.0547396       0.9782359       68.297486     0.022268181      0.11730797     0.042554523      -1.7575424       1.5630452       5.8770237        3.623486       3.0780295        6.061098       3.3704841        6.953033       4.8964833      0.19988597       1.1387686       9.1759764     -0.38445929       3.7737686      0.29319115      0.99510765                  -13.89827                 -2.5794933                  -2.510211                 -3.8673398                 -2.8939788       1.0205136         1.0139272         1.0559492         1.0172129         1.0496549        0.9714084       0.99791695        1.0008835       0.99723741        1.0043105    2.121566e-09      0.29922315      0.76073582      0.75975022       147.84695       5.5027109        424.9548        1406.196       28.544987        28.544987       12411.272                  19.71981                 396.58095                      8.6540368                         10560.724             0.0092841424              2.0278235                         3.4656033                                 13.894198              1406.196
              1       6230.1283       3.0547396       0.9782359       68.297486     0.022268181      0.11730797     0.042554523      -1.7575424       1.5630452       5.8770237        3.623486       3.0780295        6.061098       3.3704841        6.953033       4.8964833      0.19988597       1.1387686       9.1759764     -0.38445929       3.7737686      0.29319115      0.99510765                  -13.89827                 -2.5794933                  -2.510211                 -3.8673398                 -2.8939788       1.0216772         1.0181294         1.0635725         1.0174756         1.0535459       0.97058521       0.99798872        1.0007193       0.99784002        1.0042566    2.121566e-09      0.29922315      0.76073582      0.75975022       147.84695       5.5027109        424.9548        1406.196       30.825542        30.825542       12398.606                  19.71981                 396.58095                      8.6540368                         10548.058             0.0092841424              2.0278235                         3.4656033                                 13.894198              1406.196
              1       6225.6033       3.0547396       0.9782359       68.297486     0.022268181      0.11730797     0.042554523      -1.7575424       1.5630452       5.8770237        3.623486       3.0780295        6.061098       3.3704841        6.953033       4.8964833      0.19988597       1.1387686       9.1759764     -0.38445929       3.7737686      0.29319115      0.99520263                  -13.89827                 -2.5794933                  -2.510211                 -3.8673398                 -2.8939788       1.0219999         1.0141135         1.0611026         1.0186858          1.052657       0.96839922       0.99830163        1.0006072         0.997998        1.0041592    2.121566e-09      0.29922315      0.76073582      0.75975022       147.84695       5.5027109       424.96935        1406.196       31.511609        31.511609       12388.183                 19.716835                 396.58095                      8.6715659                         10537.621             0.0092841424              2.0278235                         3.4656033                                 13.894198              1406.196
              1       6225.5531       3.0547396       0.9782359       68.297486     0.022268181      0.11730797     0.042554523      -1.7575424       1.5630452       5.8770237        3.623486       3.0780295        6.061098       3.3704841        6.953033       4.8964833      0.19988597       1.1387686       9.1759764     -0.38445929       3.7737686      0.29319115      0.99520263                  -13.89827                 -2.5794933                  -2.510211                 -3.8673398                 -2.8939788       1.0219946         1.0139017         1.0610088         1.0181751          1.052495        0.9684716       0.99830598        1.0006421       0.99799214        1.0041618    2.121566e-09      0.29922315      0.76073582      0.75975022       147.84695       5.5027109       424.96935        1406.196       31.493152        31.493152        12388.12                 19.716835                 396.58095                      8.6715659                         10537.558             0.0092841424              2.0278235                         3.4656033                                 13.894198              1406.196
              2       6226.0392       3.0547396       0.9782359       68.297486     0.022268181      0.11730797     0.042554523      -1.7575424       1.5630452       5.8770237        3.623486       3.0780295        6.061098       3.3704841        6.953033       4.8964833      0.19988597       1.1387686       9.1759764     -0.38445929       3.7737686      0.29319115      0.99520263                  -13.89827                 -2.5794933                  -2.510211                 -3.8673398                 -2.8939788       1.0220078          1.013343         1.0621016         1.0180656         1.0524682       0.97079667       0.99845066        1.0003814       0.99799816        1.0041276    2.121566e-09      0.29922315      0.76073582      0.75975022       147.84695       5.5027109       424.96935        1406.196       30.954323        30.954323        12390.17                 19.716835                 396.58095                      8.6715659                         10539.607             0.0092841424              2.0278235                         3.4656033                                 13.894198              1406.196
              1       6225.0533       3.0547396       0.9782359       68.297486     0.022268181      0.11730797     0.042554523      -1.7575424       1.5630452       5.8770237        3.623486       3.0780295        6.061098       3.3704841        6.953033       4.8964833      0.19988597       1.1387686       9.1759764     -0.38445929       3.7737686      0.29319115      0.99613514                  -13.89827                 -2.5794933                  -2.510211                 -3.8673398                 -2.8939788       1.0222403         1.0102972         1.0596238         1.0217278         1.0510365       0.97720004       0.99845973        1.0003276       0.99814072        1.0043111    2.121566e-09      0.29922315      0.76073582      0.75975022       147.84695       5.5027109         425.139        1406.196       29.933778        29.933778       12390.239                 19.689143                 396.57495                      8.8749113                         10539.507             0.0092841424              2.0278235                         3.4656033                                 13.894198              1406.196
              1       6222.0879       3.0547396       0.9782359       68.297486     0.022268181      0.11730797     0.042554523      -1.7793859         1.53629       5.8665166       3.6239671       3.0976792       6.0445229       3.3623246       6.9544361       4.8549919      0.19770978       1.1358527       9.1774733      -0.3941053       3.7736712      0.29404125      0.99618596                 -13.877922                 -2.4418272                 -2.2828901                 -3.7886769                 -2.7375037       1.0222403         1.0102972         1.0596238         1.0217278         1.0510365       0.97720004       0.99845973        1.0003276       0.99814072        1.0043111    2.121566e-09      0.29922315      0.76073582      0.75975022       147.84695       5.5027109       425.15026        1406.196       28.639527        28.639527       12386.897                 19.687701                 396.57495                      8.8876164                         10536.154             0.0092841424              2.0278235                         3.4656033                                 13.894198              1406.196
              2       6215.9078       3.0547396       0.9782359       68.297486     0.022268181      0.11730797     0.042554523      -1.7282613       1.5314301       5.9089728       3.6322313       3.1133622       5.9815719       3.3799715       6.9508454       4.7329978      0.19646395       1.0928104       9.1753133     -0.36982663       3.7737964      0.30349398      0.99620719                 -13.959515                 -2.8563786                 -1.9378672                 -3.7508173                 -3.1847511       1.0224242         1.0111007         1.0608304         1.0226968         1.0512464       0.97683691       0.99850752        1.0002098       0.99809439        1.0044526    2.121566e-09      0.29922315      0.76073582      0.75975022       147.84695       5.5027109       425.15502        1406.196       30.981068        30.981068       12369.853                 19.687101                 396.57495                      8.8929743                         10519.105             0.0092841424              2.0278235                         3.4656033                                 13.894198              1406.196
              1       6217.9864       3.0547396       0.9782359       68.297486     0.022268181      0.11730797     0.042554523      -1.7282613       1.5314301       5.9089728       3.6322313       3.1133622       5.9815719       3.3799715       6.9508454       4.7329978      0.19646395       1.0928104       9.1753133     -0.36982663       3.7737964      0.30349398      0.99620719                 -13.959515                 -2.8563786                 -1.9378672                 -3.7508173                 -3.1847511       1.0228542         1.0097867         1.0584071         1.0222294         1.0494096       0.97904627       0.99900976        1.0003459        0.9979809        1.0040373    2.121566e-09      0.29922315      0.76073582      0.75975022       147.84695       5.5027109       425.15502        1406.196        31.30294         31.30294       12373.367                 19.687101                 396.57495                      8.8929743                         10522.619             0.0092841424              2.0278235                         3.4656033                                 13.894198              1406.196
              1       6220.9824       3.0547396       0.9782359       68.297486     0.022268181      0.11730797     0.042554523      -1.6902397       1.5347698        5.929232       3.6417498       3.1161795       5.9239743       3.3791242       6.9540627       4.7508063       0.1921644       1.0640578       9.1769342      -0.3903275       3.7735758      0.28220086      0.99620719                  -14.61303                 -2.8776489                 -2.1933266                 -3.9234578                 -3.6506179       1.0228542         1.0097867         1.0584071         1.0222294         1.0494096       0.97904627       0.99900976        1.0003459        0.9979809        1.0040373    2.121566e-09      0.29922315      0.76073582      0.75975022       147.84695       5.5027109       425.15502        1406.196       34.172437        34.172437        12373.62                 19.687101                 396.57495                      8.8929743                         10522.872             0.0092841424              2.0278235                         3.4656033                                 13.894198              1406.196
              1       6220.2528       3.0547396       0.9782359       68.297486     0.022268181      0.11730797     0.042554523      -1.6902397       1.5347698        5.929232       3.6417498       3.1161795       5.9239743       3.3791242       6.9540627       4.7508063       0.1921644       1.0640578       9.1769342      -0.3903275       3.7735758      0.28220086      0.99806871                  -14.61303                 -2.8776489                 -2.1933266                 -3.9234578                 -3.6506179       1.0228591         1.0096886         1.0586538         1.0225665         1.0495785       0.97900527       0.99900659        1.0003648       0.99798767        1.0040385    2.121566e-09      0.29922315      0.76073582      0.75975022       147.84695       5.5027109       425.69672        1406.196       33.337052        33.337052       12373.831                 19.639977                 396.58106                      9.4756826                         10522.542             0.0092841424              2.0278235                         3.4656033                                 13.894198              1406.196
              2       6209.5706       3.0547396       0.9782359       68.297486     0.022268181      0.11730797     0.042554523      -1.7109989       1.5466095       5.9342107       3.6363904       3.1115704       5.9329479       3.3777801       6.9546845       4.7216711      0.19402189       1.0576466       9.1762277     -0.39042142       3.7736706      0.27532769      0.99736487                 -14.276499                 -2.8338683                 -2.2622967                 -3.9737277                 -3.6967669       1.0228591         1.0096886         1.0586538         1.0225665         1.0495785       0.97900527       0.99900659        1.0003648       0.99798767        1.0040385    2.121566e-09      0.29922315      0.76073582      0.75975022       147.84695       5.5027109       425.46967        1406.196       33.462936        33.462936       12352.215                 19.656395                 396.58407                      9.2292021                         10501.153             0.0092841424              2.0278235                         3.4656033                                 13.894198              1406.196
              1       6205.3518       3.0547396       0.9782359       68.297486     0.022268181      0.11730797     0.042554523      -1.7207823        1.543434        5.929272       3.6415831       3.1138402        5.927969       3.3786023       6.9550648       4.7243141       0.1942353       1.0535671       9.1759437     -0.39160017       3.7736675      0.27476098      0.99736487                 -14.240598                 -2.8304112                 -2.2643357                 -3.9367144                 -3.6826233       1.0232955         1.0160094         1.0576704         1.0212548         1.0586088       0.97406733       0.99870745        1.0006049       0.99726001        1.0043375    2.121566e-09      0.29922315      0.76073582      0.75975022       147.84695       5.5027109       425.46967        1406.196       35.989682        35.989682       12338.724                 19.656395                 396.58407                      9.2292021                         10487.662             0.0092841424              2.0278235                         3.4656033                                 13.894198              1406.196
              6         6205.32       3.0547396       0.9782359       68.297486     0.022268181      0.11730797     0.042554523      -1.7207823        1.543434        5.929272       3.6415831       3.1138402        5.927969       3.3786023       6.9550648       4.7243141       0.1942353       1.0535671       9.1759437     -0.39160017       3.7736675      0.27476098      0.99736487                 -14.240598                 -2.8304112                 -2.2643357                 -3.9367144                 -3.6826233       1.0232958         1.0160081          1.057673         1.0212586         1.0586028       0.97405721       0.99870627        1.0006074       0.99726007        1.0043366    2.121566e-09      0.29922315      0.76073582      0.75975022       147.84695       5.5027109       425.46967        1406.196       35.992495        35.992495       12338.655                 19.656395                 396.58407                      9.2292021                         10487.592             0.0092841424              2.0278235                         3.4656033                                 13.894198              1406.196
              4        6201.923       3.0547396       0.9782359       68.297486     0.022268181      0.11730797     0.042554523      -1.7207823        1.543434        5.929272       3.6415831       3.1138402        5.927969       3.3786023       6.9550648       4.7243141       0.1942353       1.0535671       9.1759437     -0.39160017       3.7736675      0.27476098      0.99736487                 -14.240598                 -2.8304112                 -2.2643357                 -3.9367144                 -3.6826233       1.0219196         1.0179665         1.0552035         1.0236868         1.0545063        0.9711068       0.99889316        1.0015671       0.99680974        1.0051733    2.121566e-09      0.29922315      0.76073582      0.75975022       147.84695       5.5027109       425.46967        1406.196       34.290193        34.290193       12335.266                 19.656395                 396.58407                      9.2292021                         10484.203             0.0092841424              2.0278235                         3.4656033                                 13.894198              1406.196
              1       6201.7976       3.0547396       0.9782359       68.297486     0.022268181      0.11730797     0.042554523      -1.7207823        1.543434        5.929272       3.6415831       3.1138402        5.927969       3.3786023       6.9550648       4.7243141       0.1942353       1.0535671       9.1759437     -0.39160017       3.7736675      0.27476098      0.99794392                 -14.240598                 -2.8304112                 -2.2643357                 -3.9367144                 -3.6826233       1.0219196         1.0179665         1.0552035         1.0236868         1.0545063        0.9711068       0.99889316        1.0015671       0.99680974        1.0051733    2.121566e-09      0.29922315      0.76073582      0.75975022       147.84695       5.5027109        425.6535        1406.196        34.07288         34.07288       12335.449                 19.642761                 396.58106                      9.4296732                         10484.203             0.0092841424              2.0278235                         3.4656033                                 13.894198              1406.196
              1       6196.7087       3.0547396       0.9782359       68.297486     0.022268181      0.11730797     0.042554523      -1.7207823        1.543434        5.929272       3.6415831       3.1138402        5.927969       3.3786023       6.9550648       4.7243141       0.1942353       1.0535671       9.1759437     -0.39160017       3.7736675      0.27476098      0.99794392                 -14.240598                 -2.8304112                 -2.2643357                 -3.9367144                 -3.6826233        1.021552         1.0090648         1.0599977         1.0197658         1.0474732       0.97460759       0.99952954        1.0028177       0.99709946         1.005223    2.121566e-09      0.29922315      0.76073582      0.75975022       147.84695       5.5027109        425.6535        1406.196       32.884826        32.884826       12327.648                 19.642761                 396.58106                      9.4296732                         10476.401             0.0092841424              2.0278235                         3.4656033                                 13.894198              1406.196
              1       6177.2656       3.0547396       0.9782359       68.297486     0.022268181      0.11730797     0.042554523      -1.7753394       1.5469122       5.9433926       3.6522477       3.1302941       5.9846913       3.3661517       6.9563206       4.7966116      0.18858352       1.0086125       9.1809343     -0.41291567       3.7732276      0.25031557      0.99794392                 -14.602498                  -2.909384                 -2.1967061                 -4.0343052                 -3.2869986        1.021552         1.0090648         1.0599977         1.0197658         1.0474732       0.97460759       0.99952954        1.0028177       0.99709946         1.005223    2.121566e-09      0.29922315      0.76073582      0.75975022       147.84695       5.5027109        425.6535        1406.196       32.555623        32.555623        12289.42                 19.642761                 396.58106                      9.4296732                         10438.174             0.0092841424              2.0278235                         3.4656033                                 13.894198              1406.196
