#        weight    minuslogpost            logA             n_s              H0         omega_b       omega_cdm        tau_reio  theta_i_ridder     beta_ridder        A_planck      calib_100T      calib_217T       A_cib_217       xi_sz_cib            A_sz        ksz_norm    gal545_A_100    gal545_A_143 gal545_A_143_217    gal545_A_217    ps_A_100_100    ps_A_143_143    ps_A_143_217    ps_A_217_217   galf_TE_A_100 galf_TE_A_100_143 galf_TE_A_100_217   galf_TE_A_143 galf_TE_A_143_217   galf_TE_A_217             A_s       chi2__BAO       chi2__CMB        chi2__SN   minuslogprior minuslogprior__0 minuslogprior__SZ            chi2 chi2__planck_2018_lowl.TT chi2__planck_2018_lowl.EE chi2__planck_2018_highl_plik.TTTEEE chi2__planck_2018_lensing.clik chi2__bao.sixdf_2011_bao chi2__bao.sdss_dr7_mgs chi2__bao.sdss_dr12_consensus_bao chi2__sn.pantheon  chi2__sh0es_h0
             11       2313.0869           3.044           0.965        73.11247          0.0224            0.12           0.054             1.8            0.01       1.0033174      0.99996202      0.99871665       75.259895      0.90179002     0.023489817       5.3053093       3.7494393       6.3604913        11.466995        102.7651       315.08048       69.145119       39.981971       64.626306      0.08441793       0.048414278        0.40018006      0.13043152        0.60305326       1.5760293   2.0989032e-09        23.01295       3524.9573       1037.0506       20.574001        17.596365         2.9776363       4585.0257                 22.836671                 396.00111                           3083.8181                      22.301386                1.0910341              5.3204379                         16.601478         1037.0506     0.004855664
              1       2300.6276       3.0490778      0.96487568        73.11247     0.022479484      0.11977625     0.054678337       1.7936651    0.0097842367       1.0050544      0.99999569      0.99871191       75.190977      0.91265209     0.011289255       5.2523873       3.6987491       6.2750005         11.37764       102.93055       315.85377        69.02586       40.055418       65.076271     0.084804406       0.048229366        0.40158649      0.12989385        0.60142649         1.56873    2.109588e-09       22.849726       3497.4154       1037.0903       21.947404        18.936015         3.0113893       4557.3603                 22.617219                 395.92661                           3058.1388                      20.732793                1.0859128              5.3109085                         16.452905         1037.0903     0.004855664
              5       2297.8553       3.0471677      0.96396148        73.11247       0.0224995      0.12041445      0.05468981       1.7618122     0.010848332       1.0033938      0.99998114      0.99870498       74.891325      0.91505344     0.086618237       5.2024026       3.7481744       6.3036317        11.342464       102.68326       313.77882       68.352936       39.889201       64.719105     0.084834779        0.04839765        0.40176421      0.13119427        0.60253662       1.5667556   2.1055624e-09       23.104045       3494.3809       1036.9122       20.654339        17.675824         2.9785147        4554.402                 21.737861                 395.94104                           3056.3517                      20.350338                1.0837756              5.3118043                         16.708465         1036.9122     0.004855664
              6       2297.3754       3.0614535      0.96561879        73.11247     0.022502231      0.11980587     0.063362052       1.7565537     0.011378368       1.0027664       0.9999669      0.99872204       74.870444      0.90689258       0.1201948       5.1678781       3.7418495       6.3398172        11.383219       102.67941       313.33292       67.907271       39.397955       64.276436     0.084686785       0.048433576        0.40390446      0.13013587        0.60424758        1.575881    2.135858e-09       23.837709       3493.2244       1037.0759       20.303921        17.334257         2.9696635       4554.1429                 21.699092                 396.91536                           3056.5822                      18.027786                1.1357439              5.3936952                          17.30827         1037.0759     0.004855664
             12       2289.0318       3.0621114      0.96432147        73.11247     0.022479714      0.12008945     0.062417095       1.7647203     0.010448684       1.0035926      0.99999013      0.99871781       75.070944       0.9005189     0.032976002       5.2993106       3.7111719       6.3415406         11.31274       102.63598        315.9431       68.491861       39.487993       64.565574     0.084612188       0.048444855        0.40480688      0.13114502        0.60383969       1.5786345   2.1372636e-09       23.393996        3476.184       1037.0046       20.738067        17.764666         2.9734011       4536.5874                  21.60521                 396.72697                           3040.2764                      17.575386                1.1067239              5.3476849                         16.939588         1037.0046     0.004855664
             19        2284.376       3.0621114      0.96432147       73.002177     0.022479714      0.12008945     0.062417095       1.7647203     0.010448684       1.0035926      0.99998998       0.9987077       75.055342      0.89026581     0.018408466       5.3001012       3.6882343        6.307348        11.233974       102.58918       316.06188       68.402655       39.266859       64.559046     0.083724582       0.047852044        0.40544156       0.1312293        0.60325793       1.5752824   2.1372636e-09       22.246245       3467.8656       1036.8893       20.874739        17.890931         2.9838071       4527.0025                 21.614822                 396.72697                           3032.3775                      17.146279                1.0377269              5.2345254                         15.973993         1036.8893    0.0013226845
              2       2281.7732       3.0618189      0.96339482       73.002177     0.022563822      0.12044422      0.06135347       1.7568049     0.010354065       1.0037921       1.0000077      0.99869566       74.751206      0.90249608     0.068330346        5.215962       3.6864995       6.2540989        11.133733       102.54606       315.01826       67.800652         39.2589        64.70702      0.08409078       0.047814863        0.40619463      0.13177068        0.60226863       1.5650184   2.1366384e-09       21.663212       3463.0115       1036.7749       21.047776        18.061992         2.9857841       4521.4509                 21.258088                 396.52893                           3028.8025                       16.42191               0.99797141              5.1685468                         15.496694         1036.7749    0.0013226845
              1       2266.2382       3.0601571      0.96355381       73.002177     0.022567733      0.12037567     0.060476011       1.7532979    0.0098495092       1.0039058      0.99996198      0.99888054       76.167455      0.97473899     0.017880365       5.7258615       3.7792321       6.6980749        9.9247791       100.07238       311.65805       64.643318       39.792407       63.154354     0.075917764       0.054027184        0.45906036      0.17180711        0.57679071       1.6134137   2.1330908e-09       21.707282       3433.2443       1036.7916       20.365918        17.568979         2.7969394       4491.7445                 21.291116                 396.37464                           2998.8146                      16.763961                1.0016556              5.1745742                         15.531052         1036.7916    0.0013226845
             21       2266.0022       3.0601571      0.96355381       72.396934     0.022567733      0.12037567     0.060476011       1.7532979    0.0098495092       1.0038301       0.9999692      0.99887952         76.0385      0.97766264     0.016427895       5.6707918       3.7641826       6.6636354        9.8899616       100.06245       311.26503       64.634944       39.910734       63.377785     0.075899987       0.054058144        0.45905766      0.17176417         0.5767735         1.61336   2.1330908e-09       16.198727       3438.4122       1036.2206       20.395247        17.574239         2.8210079       4491.2139                 21.381269                 396.39086                           3005.8651                      14.774923                0.6707425              4.5381134                         10.989871         1036.2206       0.3823359
              5       2247.3841       3.0697527      0.96065947       72.396934     0.022694241      0.12157026     0.064573215       1.7294574     0.012276106       1.0027292      0.99998815      0.99886492       75.578987      0.99073365     0.097650783       5.6096754       3.7866727       6.6353851        9.6920342       99.663668       309.45194        63.46446       39.566984       63.003328     0.076592892       0.054233643        0.46285249      0.17464704        0.57864448       1.6082585   2.1536576e-09        15.10301       3403.9154       1035.9431        19.71222        16.920037          2.792183       4455.3439                 20.499267                 397.44926                            2973.945                      12.021816               0.59310781              4.3687839                         10.141119         1035.9431       0.3823359
              5       2236.8135       3.0703106      0.96043325       72.396934      0.02271071      0.12138706     0.064974919       1.7125496     0.012230136       1.0027526      0.99999382      0.99886964        75.81059      0.98495293     0.062042314       5.7257764       3.7656153        6.665633        9.7379026       99.642079        310.6432       63.638217       39.340708        62.60586     0.076908839       0.054208884        0.46289001      0.17420834        0.57820687       1.6052599   2.1548596e-09       15.514031       3382.3635       1035.9765       19.695341        16.927496         2.7678453       4434.2364                 20.287316                 397.63595                           2952.4788                      11.961423                0.6168718              4.4236606                         10.473499         1035.9765       0.3823359
              9       2232.3981       3.0710015      0.96095274       72.396934     0.022740188      0.12118649     0.065535374       1.7108159     0.012228587       1.0027337      0.99999442      0.99888187       75.666995      0.98515303     0.053792763       5.7154225        3.756592       6.7005177        9.7520502       99.730407       310.35785       63.192969       39.082437       62.567803     0.076684828       0.054261705        0.46283791      0.17327591        0.57870922       1.6092091   2.1563488e-09       15.566176       3373.4478       1036.0112       19.694345        16.916851         2.7774936       4425.4076                 20.312339                 397.74829                           2943.4724                      11.914765               0.62220833              4.4348585                         10.509109         1036.0112       0.3823359
             10       2229.0784        3.049275      0.95987003       72.396934     0.022895242      0.12124297     0.055098867       1.6794121     0.016651699       1.0018079       1.0000045      0.99887212       75.636073      0.98945786      0.11303128       5.8196225       3.8122265       6.7648146        9.7769419       99.558317       308.83245       62.114164       38.516674       61.556478       0.0772325       0.053996752        0.45756018      0.17226087        0.57367256        1.568234   2.1100042e-09       15.428386       3367.8907       1035.9684       19.243459        16.545537         2.6979226       4419.6698                 20.231994                  395.8566                           2937.1153                      14.686836               0.61183159              4.4121605                         10.404394         1035.9684       0.3823359
             23       2222.1467       3.0477209       0.9596369       72.396934     0.022887146      0.12129216     0.054286809       1.6757113     0.016792634       1.0017888        1.000024      0.99886495       75.624999       0.9975859     0.049036978       5.7213013        3.803193       7.0031557        9.9195261       99.786878       310.18217       62.530995        38.85564       61.800734     0.076828044       0.053213775        0.45750621      0.17282046        0.56836442       1.5743237   2.1067276e-09        15.49081       3354.0825       1035.9601       19.188794        16.410589         2.7782048       4405.9157                  20.19116                 395.87299                           2923.0923                      14.925979                0.6144191              4.4185146                         10.457876         1035.9601       0.3823359
             19       2215.0326       3.0477209       0.9596369       72.135834     0.022887146      0.12129216     0.054286809       1.6757113     0.016792634       1.0017888        1.000024      0.99886495       75.624999       0.9975859     0.049036978       5.7213013        3.803193       7.0031557        9.9195261       99.786878       310.18217       62.530995        38.85564       61.800734     0.076828044       0.053213775        0.45750621      0.17282046        0.56836442       1.5743237   2.1067276e-09       13.515239       3341.6567       1035.7599       19.188794        16.410589         2.7782048       4391.6876                 20.223546                 395.86714                           2911.4668                      14.099154               0.49726772              4.1363221                         8.8816494         1035.7599      0.75583886
              6       2215.6951       3.0488759      0.95979279       72.135834     0.022878273      0.12129133     0.054692395       1.6769456     0.017124223       1.0019804        1.000024      0.99886475        75.58502      0.99907562     0.050566459       5.6881144       3.8039204         6.98945        9.9032984       99.815585       310.06396       62.552926       38.943052       61.974927     0.076712349       0.053209567        0.45771384      0.17290143        0.56860025       1.5766723   2.1091621e-09       13.539182       3342.7923       1035.7617       19.270654        16.479759         2.7908956        4392.849                 20.247677                  395.8607                           2912.7301                      13.953763               0.49864427               4.139841                         8.9006972         1035.7617      0.75583886
              2       2207.0163       3.0549101      0.95975282       72.135834     0.022907522      0.12094459     0.057335556       1.6841357     0.016877962       1.0026171       1.0000389      0.99887216       75.844608      0.99449691   0.00051406301        5.793314       3.7622448       6.9972549        9.9234508       99.851088       311.77619       62.761649       38.703105       61.706225     0.077077722         0.0531382         0.4588384      0.17228026         0.5683236       1.5759145   2.1219278e-09       13.533835         3324.83        1035.821       19.545981        16.765462         2.7805188       4374.9406                 20.241672                 396.02009                           2895.4002                      13.168041               0.50246216              4.1474784                         8.8838941          1035.821      0.75583886
             98       2207.4779       3.0545175      0.95977569       72.135834      0.02290477      0.12095103     0.057108584       1.6842599     0.016888554       1.0026461       1.0000386      0.99887175       75.836484      0.99485338   0.00097027098       5.7872553       3.7632896       6.9948653        9.9221856       99.858184       311.73592        62.77494       38.731482       61.746029     0.077051086       0.053136546        0.45875314      0.17228961         0.5682973       1.5760278   2.1210949e-09       13.539824       3325.7158       1035.8203       19.562035        16.779321         2.7827146       4375.8318                 20.251266                 395.97869                           2896.2735                      13.212438               0.50273048              4.1482013                         8.8888927         1035.8203      0.75583886
              5       2183.2135       3.0480504      0.96011378       72.135834     0.023070694      0.12004743     0.053611061        1.602861     0.017348033       1.0034459       1.0000718      0.99887127       76.013261      0.99575061    0.0026705428       5.9224655       3.6901265        6.994785        10.007778       100.01793       313.06822       62.326678       38.107325       61.011207     0.078252354       0.052833592        0.45735051      0.16915759        0.56280872       1.5436556   2.1074217e-09       14.783326       3274.7381       1035.9647       20.092539        17.365644         2.7268952       4326.2419                 19.847486                 395.80195                           2844.9841                      14.104515               0.57807279              4.3318789                         9.8733742         1035.9647      0.75583886
             67       2184.5016       3.0480504      0.96011378       72.370391     0.023070694      0.12004743     0.053611061        1.602861     0.017348033       1.0034459       1.0000586       0.9988798       76.348942       0.9971933    0.0044268359       5.8777199       3.7501751       7.0578363          9.99377        99.73773       313.05107       62.423874       38.108915       60.640318     0.079361601       0.051841282        0.45749076      0.16776243         0.5634883        1.540859   2.1074217e-09       16.674897       3275.6987       1036.1594        20.02778        17.284137         2.7436425       4328.9476                 19.829192                  395.8007                           2845.2199                      14.848915               0.69090163              4.5845127                         11.399483         1036.1594      0.41454912
             10       2183.0759       3.0480504      0.96011378       72.233288     0.023070694      0.12004743     0.053611061        1.602861     0.017348033       1.0034459       1.0000586       0.9988798       76.348942       0.9971933    0.0044268359       5.8777199       3.7501751       7.0578363          9.99377        99.73773       313.05107       62.423874       38.108915       60.640318     0.079361601       0.051841282        0.45749076      0.16776243         0.5634883        1.540859   2.1074217e-09       15.545686       3273.9049        1036.044        20.02778        17.284137         2.7436425       4326.0962                  19.84013                 395.79006                           2843.8697                      14.404986               0.62360442              4.4369586                         10.485123          1036.044      0.60168619
             19       2182.8748       3.0480504      0.96011378       72.206721     0.023070694      0.12004743     0.053611061        1.602861     0.017348033       1.0034459       1.0000586       0.9988798       76.348942       0.9971933    0.0044268359       5.8777199       3.7501751       7.0578363          9.99377        99.73773       313.05107       62.423874       38.108915       60.640318     0.079361601       0.051841282        0.45749076      0.16776243         0.5634883        1.540859   2.1074217e-09       15.341294       3273.6885       1036.0221        20.02778        17.284137         2.7436425       4325.6939                 19.843519                 395.79896                           2843.7272                      14.318833               0.61135444              4.4091425                         10.320797         1036.0221      0.64196991
             12       2185.1726       3.0480504      0.96011378       72.026628     0.023070694      0.12004743     0.053611061        1.602861     0.017348033       1.0034459       1.0000586       0.9988798       76.348942       0.9971933    0.0044268359       5.8777199       3.7501751       7.0578363          9.99377        99.73773       313.05107       62.423874       38.108915       60.640318     0.079361601       0.051841282        0.45749076      0.16776243         0.5634883        1.540859   2.1074217e-09       13.966626        3279.495       1035.8785        20.02778        17.284137         2.7436425       4330.2896                 19.860837                 395.79969                           2850.0392                       13.79533               0.52919418              4.2138795                         9.2235522         1035.8785      0.94944712
             10        2184.938       3.0480789      0.96016664       72.026628     0.023068964      0.12003931     0.053594765       1.6041843      0.01736108       1.0034902       1.0000585      0.99887969       76.339667      0.99754225    0.0051891282       5.8701033       3.7503156       7.0548184        9.9916606       99.747011       313.01676       62.427902       38.129177       60.679338     0.079336401       0.051837993        0.45748192      0.16774874         0.5634859         1.54113   2.1074819e-09       14.003844       3278.9252       1035.8804       20.058528        17.312314         2.7462144       4329.7589                 19.854887                 395.79969                           2849.4719                      13.798687               0.53128348              4.2191013                         9.2534588         1035.8804      0.94944712
             13       2184.7145       3.0480789      0.96016664       72.339585     0.023068964      0.12003931     0.053594765       1.6041843      0.01736108       1.0034902       1.0000585      0.99887969       76.339667      0.99754225    0.0051891282       5.8701033       3.7503156       7.0548184        9.9916606       99.747011       313.01676       62.427902       38.129177       60.679338     0.079336401       0.051837993        0.45748192      0.16774874         0.5634859         1.54113   2.1074819e-09        16.41022        3276.313       1036.1352       20.058528        17.312314         2.7462144       4329.3119                  19.84004                 395.79874                           2845.9127                      14.761465               0.67534334              4.5511129                         11.183764         1036.1352       0.4535694
             14       2184.7044       3.0481731      0.96017113       72.339585     0.023065704      0.12004962     0.053660374       1.6044889     0.017339337       1.0034708       1.0000578      0.99887982       76.339577      0.99739383    0.0048771788       5.8689141       3.7515365       7.0555354        9.9915217        99.74451       313.00226        62.43865       38.137381       60.686806     0.079315005        0.05184325        0.45749414      0.16779001        0.56357906       1.5417041   2.1076805e-09       16.407948       3276.3247       1036.1337       20.044508        17.297615         2.7468939       4329.3199                 19.841726                 395.81032                           2845.9268                      14.745826               0.67510926              4.5506452                         11.182193         1036.1337       0.4535694
              1       2185.3898       3.0473986      0.96029701       72.339585     0.023061835       0.1200342     0.053213677       1.6008767     0.017423299       1.0035584       1.0000573      0.99887901       76.312371      0.99840547    0.0082938884        5.850055       3.7530051       7.0485454         9.989047       99.768965       312.87253       62.445179       38.194626       60.782344     0.079255869       0.051832908        0.45730209      0.16772729        0.56344333       1.5416345   2.1060487e-09       16.505807       3277.4661       1036.1378       20.108108        17.355812         2.7522955       4330.5633                 19.841466                 395.79717                           2846.9269                      14.900583               0.68049086              4.5623899                         11.262926         1036.1378       0.4535694
             38       2184.4059       3.0473986      0.96029701       72.274277     0.023061835       0.1200342     0.053213677       1.6008767     0.017423299       1.0035584       1.0000573      0.99887901       76.312371      0.99840547    0.0082938884        5.850055       3.7530051       7.0485454         9.989047       99.768965       312.87253       62.445179       38.194626       60.782344     0.079255869       0.051832908        0.45730209      0.16772729        0.56344333       1.5416345   2.1060487e-09       15.966067       3276.0047       1036.0827       20.108108        17.355812         2.7522955       4328.5955                 19.848912                 395.79717                           2845.6704                      14.688193               0.64833043              4.4923545                         10.825382         1036.0827      0.54209694
             20       2184.3478       3.0473986      0.96029701        72.26609     0.023061835       0.1200342     0.053213677       1.6008767     0.017423299       1.0035584       1.0000573      0.99887901       76.312371      0.99840547    0.0082938884        5.850055       3.7530051       7.0485454         9.989047       99.768965       312.87253       62.445179       38.194626       60.782344     0.079255869       0.051832908        0.45730209      0.16772729        0.56344333       1.5416345   2.1060487e-09       15.900719        3275.949       1036.0758       20.108108        17.355812         2.7522955       4328.4793                 19.846911                 395.79717                           2845.6495                      14.655442               0.64442494              4.4837122                         10.772582         1036.0758      0.55374995
             46        2183.597       3.0463852      0.96025264        72.26609     0.023059729      0.12006368     0.052594195       1.5989623     0.017498213       1.0036309       1.0000579      0.99887778       76.303252      0.99924839    0.0074742592       5.8443715       3.7539325       7.0436531        9.9853058       99.778545       312.85102       62.475239       38.245944       60.847246      0.07923806       0.051827517         0.4571255      0.16777163        0.56331708       1.5412385   2.1039155e-09       15.925358       3274.3302       1036.0701       20.157265        17.402141         2.7551246       4326.8794                 19.842946                 395.85346                           2843.8269                      14.806835               0.64526469              4.4858198                         10.794273         1036.0701      0.55374995
             80       2179.7339       3.0463506      0.96026716        72.26609     0.023057084      0.12002981     0.052564646       1.6008612     0.017543825       1.0036845       1.0000583      0.99887854        76.34076      0.99842399   0.00012533669       5.8579925       3.7510799       7.0463813          9.99229       99.785193       313.04797       62.537493       38.242118       60.830496     0.079248531       0.051822216        0.45708018      0.16770683        0.56328004       1.5414031   2.1038426e-09       15.939988       3266.5164       1036.0778       20.189985        17.435614         2.7543707       4319.0879                  19.85151                 395.85611                            2835.959                      14.849788                0.6466062              4.4886073                         10.804774         1036.0778      0.55374995
